Datetime,P00001,P00002,P00003,P00004,P00005,P00006,P00007,P00008,P00009,P00010,P00011,P00012,P00013,P00014,P00015,P00016
202208230000,0.246,0.351,0.242,0.329,0.3,0.365,0.238,0.236,0.362,0.235,0.237,0.255,0.11,0.322,0.366,0.328
202208230030,0.001,0.007,0.0,0.004,0.002,0.012,0.0,0.0,0.01,0.003,0.0,0.001,0.006,0.004,0.016,0.004
202208230100,0.001,0.007,0.0,0.004,0.002,0.012,0.0,0.0,0.01,0.003,0.0,0.001,0.006,0.004,0.016,0.004
202208230130,0.001,0.007,0.0,0.004,0.002,0.012,0.0,0.0,0.01,0.003,0.0,0.001,0.006,0.004,0.016,0.004
202208230200,0.001,0.007,0.0,0.004,0.002,0.012,0.0,0.0,0.01,0.003,0.0,0.001,0.006,0.004,0.016,0.004
202208230230,0.001,0.007,0.0,0.004,0.002,0.012,0.0,0.0,0.01,0.003,0.0,0.001,0.006,0.004,0.016,0.004
202208230300,0.001,0.007,0.0,0.004,0.002,0.012,0.0,0.0,0.01,0.003,0.0,0.001,0.006,0.004,0.016,0.004
202208230330,0.001,0.007,0.0,0.004,0.002,0.012,0.0,0.0,0.01,0.003,0.0,0.001,0.006,0.004,0.016,0.004
202208230400,0.001,0.007,0.0,0.004,0.002,0.012,0.0,0.0,0.01,0.003,0.0,0.001,0.006,0.004,0.016,0.004
202208230430,0.001,0.007,0.0,0.004,0.002,0.012,0.0,0.0,0.01,0.003,0.0,0.001,0.006,0.004,0.016,0.004
202208230500,0.001,0.007,0.0,0.004,0.002,0.012,0.0,0.0,0.01,0.003,0.0,0.001,0.006,0.004,0.016,0.004
202208230530,0.001,0.007,0.0,0.004,0.002,0.012,0.0,0.0,0.01,0.003,0.0,0.001,0.006,0.004,0.016,0.004
202208230600,0.001,0.007,0.0,0.004,0.002,0.012,0.0,0.0,0.01,0.003,0.0,0.001,0.006,0.004,0.016,0.004
202208230630,0.001,0.007,0.0,0.004,0.002,0.012,0.0,0.0,0.01,0.003,0.0,0.001,0.006,0.004,0.016,0.004
202208230700,0.001,0.007,0.0,0.004,0.002,0.012,0.0,0.0,0.01,0.003,0.0,0.001,0.006,0.004,0.016,0.004
202208230730,0.001,0.007,0.0,0.004,0.002,0.012,0.0,0.0,0.01,0.003,0.0,0.001,0.006,0.004,0.016,0.004
202208230800,0.001,0.007,0.0,0.004,0.002,0.012,0.0,0.0,0.01,0.003,0.0,0.001,0.006,0.004,0.016,0.004
202208230830,0.001,0.007,0.0,0.004,0.002,0.012,0.0,0.0,0.01,0.003,0.0,0.001,0.006,0.004,0.016,0.004
202208230900,0.001,0.007,0.0,0.004,0.002,0.012,0.0,0.0,0.01,0.003,0.0,0.001,0.006,0.004,0.016,0.004
202208230930,0.001,0.007,0.0,0.004,0.002,0.012,0.0,0.0,0.01,0.003,0.0,0.001,0.006,0.004,0.016,0.004
202208231000,0.001,0.007,0.0,0.004,0.002,0.012,0.0,0.0,0.01,0.003,0.0,0.001,0.006,0.004,0.016,0.004
202208231030,0.001,0.007,0.0,0.004,0.002,0.012,0.0,0.0,0.01,0.003,0.0,0.001,0.006,0.004,0.016,0.004
202208231100,0.001,0.007,0.0,0.004,0.002,0.012,0.0,0.0,0.01,0.003,0.0,0.001,0.006,0.004,0.016,0.004
202208231130,0.001,0.007,0.0,0.004,0.002,0.012,0.0,0.0,0.01,0.003,0.0,0.001,0.006,0.004,0.016,0.004
202208231200,0.001,0.007,0.0,0.004,0.002,0.012,0.0,0.0,0.01,0.003,0.0,0.001,0.006,0.004,0.016,0.004
202208231230,0.001,0.007,0.0,0.004,0.002,0.012,0.0,0.0,0.01,0.003,0.0,0.001,0.006,0.004,0.016,0.004
202208231300,0.001,0.007,0.0,0.004,0.002,0.012,0.0,0.0,0.01,0.003,0.0,0.001,0.006,0.004,0.016,0.004
202208231330,0.001,0.007,0.0,0.004,0.002,0.012,0.0,0.0,0.01,0.003,0.0,0.001,0.006,0.004,0.016,0.004
202208231400,0.001,0.007,0.0,0.004,0.002,0.012,0.0,0.0,0.01,0.003,0.0,0.001,0.006,0.004,0.016,0.004
202208231430,0.001,0.007,0.0,0.004,0.002,0.012,0.0,0.0,0.01,0.003,0.0,0.001,0.006,0.004,0.016,0.004
202208231500,0.001,0.007,0.0,0.004,0.002,0.012,0.0,0.0,0.01,0.003,0.0,0.001,0.006,0.004,0.016,0.004
202208231530,0.001,0.007,0.0,0.004,0.002,0.012,0.0,0.0,0.01,0.003,0.0,0.001,0.006,0.004,0.016,0.004
202208231600,0.001,0.007,0.0,0.004,0.002,0.012,0.0,0.0,0.01,0.003,0.0,0.001,0.006,0.004,0.016,0.004
202208231630,0.001,0.007,0.0,0.004,0.002,0.012,0.0,0.0,0.01,0.003,0.0,0.001,0.006,0.004,0.016,0.004
202208231700,0.001,0.007,0.0,0.004,0.002,0.012,0.0,0.0,0.01,0.003,0.0,0.001,0.006,0.004,0.016,0.004
202208231730,0.001,0.007,0.0,0.004,0.002,0.012,0.0,0.0,0.01,0.003,0.0,0.001,0.006,0.004,0.016,0.004
202208231800,0.001,0.007,0.0,0.004,0.002,0.012,0.0,0.0,0.01,0.003,0.0,0.001,0.006,0.004,0.016,0.004
202208231830,0.001,0.007,0.0,0.004,0.002,0.012,0.0,0.0,0.01,0.003,0.0,0.001,0.006,0.004,0.016,0.004
202208231900,0.001,0.007,0.0,0.004,0.002,0.012,0.0,0.0,0.01,0.003,0.0,0.001,0.006,0.004,0.016,0.004
202208231930,0.001,0.007,0.0,0.004,0.002,0.012,0.0,0.0,0.01,0.003,0.0,0.001,0.006,0.004,0.016,0.004
202208232000,0.001,0.007,0.0,0.004,0.002,0.012,0.0,0.0,0.01,0.003,0.0,0.001,0.006,0.004,0.016,0.004
202208232030,0.001,0.007,0.0,0.004,0.002,0.012,0.0,0.0,0.01,0.003,0.0,0.001,0.006,0.004,0.016,0.004
202208232100,0.001,0.007,0.0,0.004,0.002,0.012,0.0,0.0,0.01,0.003,0.0,0.001,0.006,0.004,0.016,0.004
202208232130,0.001,0.007,0.0,0.004,0.002,0.012,0.0,0.0,0.01,0.003,0.0,0.001,0.006,0.004,0.016,0.004
202208232200,0.001,0.007,0.0,0.004,0.002,0.012,0.0,0.0,0.01,0.003,0.0,0.001,0.006,0.004,0.016,0.004
202208232230,0.001,0.007,0.0,0.004,0.002,0.012,0.0,0.0,0.01,0.003,0.0,0.001,0.006,0.004,0.016,0.004
202208232300,0.001,0.007,0.0,0.004,0.002,0.012,0.0,0.0,0.01,0.003,0.0,0.001,0.006,0.004,0.016,0.004
202208232330,0.001,0.007,0.0,0.004,0.002,0.012,0.0,0.0,0.01,0.003,0.0,0.001,0.006,0.004,0.016,0.004
202208240000,0.001,0.007,0.0,0.004,0.002,0.012,0.0,0.0,0.01,0.003,0.0,0.001,0.006,0.004,0.016,0.004
202208240030,0.168,0.287,0.159,0.273,0.235,0.288,0.15,0.141,0.29,0.108,0.147,0.181,0.115,0.263,0.292,0.269
202208240100,0.168,0.287,0.159,0.273,0.235,0.288,0.15,0.141,0.29,0.108,0.147,0.181,0.115,0.263,0.292,0.269
202208240130,0.168,0.287,0.159,0.273,0.235,0.288,0.15,0.141,0.29,0.108,0.147,0.181,0.115,0.263,0.292,0.269
202208240200,0.168,0.287,0.159,0.273,0.235,0.288,0.15,0.141,0.29,0.108,0.147,0.181,0.115,0.263,0.292,0.269
202208240230,0.168,0.287,0.159,0.273,0.235,0.288,0.15,0.141,0.29,0.108,0.147,0.181,0.115,0.263,0.292,0.269
202208240300,0.168,0.287,0.159,0.273,0.235,0.288,0.15,0.141,0.29,0.108,0.147,0.181,0.115,0.263,0.292,0.269
202208240330,0.168,0.287,0.159,0.273,0.235,0.288,0.15,0.141,0.29,0.108,0.147,0.181,0.115,0.263,0.292,0.269
202208240400,0.168,0.287,0.159,0.273,0.235,0.288,0.15,0.141,0.29,0.108,0.147,0.181,0.115,0.263,0.292,0.269
202208240430,0.168,0.287,0.159,0.273,0.235,0.288,0.15,0.141,0.29,0.108,0.147,0.181,0.115,0.263,0.292,0.269
202208240500,0.168,0.287,0.159,0.273,0.235,0.288,0.15,0.141,0.29,0.108,0.147,0.181,0.115,0.263,0.292,0.269
202208240530,0.168,0.287,0.159,0.273,0.235,0.288,0.15,0.141,0.29,0.108,0.147,0.181,0.115,0.263,0.292,0.269
202208240600,0.168,0.287,0.159,0.273,0.235,0.288,0.15,0.141,0.29,0.108,0.147,0.181,0.115,0.263,0.292,0.269
202208240630,0.168,0.287,0.159,0.273,0.235,0.288,0.15,0.141,0.29,0.108,0.147,0.181,0.115,0.263,0.292,0.269
202208240700,0.168,0.287,0.159,0.273,0.235,0.288,0.15,0.141,0.29,0.108,0.147,0.181,0.115,0.263,0.292,0.269
202208240730,0.168,0.287,0.159,0.273,0.235,0.288,0.15,0.141,0.29,0.108,0.147,0.181,0.115,0.263,0.292,0.269
202208240800,0.168,0.287,0.159,0.273,0.235,0.288,0.15,0.141,0.29,0.108,0.147,0.181,0.115,0.263,0.292,0.269
202208240830,0.168,0.287,0.159,0.273,0.235,0.288,0.15,0.141,0.29,0.108,0.147,0.181,0.115,0.263,0.292,0.269
202208240900,0.168,0.287,0.159,0.273,0.235,0.288,0.15,0.141,0.29,0.108,0.147,0.181,0.115,0.263,0.292,0.269
202208240930,0.168,0.287,0.159,0.273,0.235,0.288,0.15,0.141,0.29,0.108,0.147,0.181,0.115,0.263,0.292,0.269
202208241000,0.168,0.287,0.159,0.273,0.235,0.288,0.15,0.141,0.29,0.108,0.147,0.181,0.115,0.263,0.292,0.269
202208241030,0.168,0.287,0.159,0.273,0.235,0.288,0.15,0.141,0.29,0.108,0.147,0.181,0.115,0.263,0.292,0.269
202208241100,0.168,0.287,0.159,0.273,0.235,0.288,0.15,0.141,0.29,0.108,0.147,0.181,0.115,0.263,0.292,0.269
202208241130,0.168,0.287,0.159,0.273,0.235,0.288,0.15,0.141,0.29,0.108,0.147,0.181,0.115,0.263,0.292,0.269
202208241200,0.168,0.287,0.159,0.273,0.235,0.288,0.15,0.141,0.29,0.108,0.147,0.181,0.115,0.263,0.292,0.269
202208241230,0.168,0.287,0.159,0.273,0.235,0.288,0.15,0.141,0.29,0.108,0.147,0.181,0.115,0.263,0.292,0.269
202208241300,0.168,0.287,0.159,0.273,0.235,0.288,0.15,0.141,0.29,0.108,0.147,0.181,0.115,0.263,0.292,0.269
202208241330,0.168,0.287,0.159,0.273,0.235,0.288,0.15,0.141,0.29,0.108,0.147,0.181,0.115,0.263,0.292,0.269
202208241400,0.168,0.287,0.159,0.273,0.235,0.288,0.15,0.141,0.29,0.108,0.147,0.181,0.115,0.263,0.292,0.269
202208241430,0.168,0.287,0.159,0.273,0.235,0.288,0.15,0.141,0.29,0.108,0.147,0.181,0.115,0.263,0.292,0.269
202208241500,0.168,0.287,0.159,0.273,0.235,0.288,0.15,0.141,0.29,0.108,0.147,0.181,0.115,0.263,0.292,0.269
202208241530,0.168,0.287,0.159,0.273,0.235,0.288,0.15,0.141,0.29,0.108,0.147,0.181,0.115,0.263,0.292,0.269
202208241600,0.168,0.287,0.159,0.273,0.235,0.288,0.15,0.141,0.29,0.108,0.147,0.181,0.115,0.263,0.292,0.269
202208241630,0.168,0.287,0.159,0.273,0.235,0.288,0.15,0.141,0.29,0.108,0.147,0.181,0.115,0.263,0.292,0.269
202208241700,0.168,0.287,0.159,0.273,0.235,0.288,0.15,0.141,0.29,0.108,0.147,0.181,0.115,0.263,0.292,0.269
202208241730,0.168,0.287,0.159,0.273,0.235,0.288,0.15,0.141,0.29,0.108,0.147,0.181,0.115,0.263,0.292,0.269
202208241800,0.168,0.287,0.159,0.273,0.235,0.288,0.15,0.141,0.29,0.108,0.147,0.181,0.115,0.263,0.292,0.269
202208241830,0.168,0.287,0.159,0.273,0.235,0.288,0.15,0.141,0.29,0.108,0.147,0.181,0.115,0.263,0.292,0.269
202208241900,0.168,0.287,0.159,0.273,0.235,0.288,0.15,0.141,0.29,0.108,0.147,0.181,0.115,0.263,0.292,0.269
202208241930,0.168,0.287,0.159,0.273,0.235,0.288,0.15,0.141,0.29,0.108,0.147,0.181,0.115,0.263,0.292,0.269
202208242000,0.168,0.287,0.159,0.273,0.235,0.288,0.15,0.141,0.29,0.108,0.147,0.181,0.115,0.263,0.292,0.269
202208242030,0.168,0.287,0.159,0.273,0.235,0.288,0.15,0.141,0.29,0.108,0.147,0.181,0.115,0.263,0.292,0.269
202208242100,0.168,0.287,0.159,0.273,0.235,0.288,0.15,0.141,0.29,0.108,0.147,0.181,0.115,0.263,0.292,0.269
202208242130,0.168,0.287,0.159,0.273,0.235,0.288,0.15,0.141,0.29,0.108,0.147,0.181,0.115,0.263,0.292,0.269
202208242200,0.168,0.287,0.159,0.273,0.235,0.288,0.15,0.141,0.29,0.108,0.147,0.181,0.115,0.263,0.292,0.269
202208242230,0.168,0.287,0.159,0.273,0.235,0.288,0.15,0.141,0.29,0.108,0.147,0.181,0.115,0.263,0.292,0.269
202208242300,0.168,0.287,0.159,0.273,0.235,0.288,0.15,0.141,0.29,0.108,0.147,0.181,0.115,0.263,0.292,0.269
202208242330,0.168,0.287,0.159,0.273,0.235,0.288,0.15,0.141,0.29,0.108,0.147,0.181,0.115,0.263,0.292,0.269
202208250000,0.168,0.287,0.159,0.273,0.235,0.288,0.15,0.141,0.29,0.108,0.147,0.181,0.115,0.263,0.292,0.269
202208250030,0.373,0.451,0.371,0.433,0.408,0.462,0.371,0.372,0.458,0.384,0.372,0.376,0.235,0.426,0.478,0.431
202208250100,0.373,0.451,0.371,0.433,0.408,0.462,0.371,0.372,0.458,0.384,0.372,0.376,0.235,0.426,0.478,0.431
202208250130,0.373,0.451,0.371,0.433,0.408,0.462,0.371,0.372,0.458,0.384,0.372,0.376,0.235,0.426,0.478,0.431
202208250200,0.373,0.451,0.371,0.433,0.408,0.462,0.371,0.372,0.458,0.384,0.372,0.376,0.235,0.426,0.478,0.431
202208250230,0.373,0.451,0.371,0.433,0.408,0.462,0.371,0.372,0.458,0.384,0.372,0.376,0.235,0.426,0.478,0.431
202208250300,0.373,0.451,0.371,0.433,0.408,0.462,0.371,0.372,0.458,0.384,0.372,0.376,0.235,0.426,0.478,0.431
202208250330,0.373,0.451,0.371,0.433,0.408,0.462,0.371,0.372,0.458,0.384,0.372,0.376,0.235,0.426,0.478,0.431
202208250400,0.373,0.451,0.371,0.433,0.408,0.462,0.371,0.372,0.458,0.384,0.372,0.376,0.235,0.426,0.478,0.431
202208250430,0.373,0.451,0.371,0.433,0.408,0.462,0.371,0.372,0.458,0.384,0.372,0.376,0.235,0.426,0.478,0.431
202208250500,0.373,0.451,0.371,0.433,0.408,0.462,0.371,0.372,0.458,0.384,0.372,0.376,0.235,0.426,0.478,0.431
202208250530,0.373,0.451,0.371,0.433,0.408,0.462,0.371,0.372,0.458,0.384,0.372,0.376,0.235,0.426,0.478,0.431
202208250600,0.373,0.451,0.371,0.433,0.408,0.462,0.371,0.372,0.458,0.384,0.372,0.376,0.235,0.426,0.478,0.431
202208250630,0.373,0.451,0.371,0.433,0.408,0.462,0.371,0.372,0.458,0.384,0.372,0.376,0.235,0.426,0.478,0.431
202208250700,0.373,0.451,0.371,0.433,0.408,0.462,0.371,0.372,0.458,0.384,0.372,0.376,0.235,0.426,0.478,0.431
202208250730,0.373,0.451,0.371,0.433,0.408,0.462,0.371,0.372,0.458,0.384,0.372,0.376,0.235,0.426,0.478,0.431
202208250800,0.373,0.451,0.371,0.433,0.408,0.462,0.371,0.372,0.458,0.384,0.372,0.376,0.235,0.426,0.478,0.431
202208250830,0.373,0.451,0.371,0.433,0.408,0.462,0.371,0.372,0.458,0.384,0.372,0.376,0.235,0.426,0.478,0.431
202208250900,0.373,0.451,0.371,0.433,0.408,0.462,0.371,0.372,0.458,0.384,0.372,0.376,0.235,0.426,0.478,0.431
202208250930,0.373,0.451,0.371,0.433,0.408,0.462,0.371,0.372,0.458,0.384,0.372,0.376,0.235,0.426,0.478,0.431
202208251000,0.373,0.451,0.371,0.433,0.408,0.462,0.371,0.372,0.458,0.384,0.372,0.376,0.235,0.426,0.478,0.431
202208251030,0.373,0.451,0.371,0.433,0.408,0.462,0.371,0.372,0.458,0.384,0.372,0.376,0.235,0.426,0.478,0.431
202208251100,0.373,0.451,0.371,0.433,0.408,0.462,0.371,0.372,0.458,0.384,0.372,0.376,0.235,0.426,0.478,0.431
202208251130,0.373,0.451,0.371,0.433,0.408,0.462,0.371,0.372,0.458,0.384,0.372,0.376,0.235,0.426,0.478,0.431
202208251200,0.373,0.451,0.371,0.433,0.408,0.462,0.371,0.372,0.458,0.384,0.372,0.376,0.235,0.426,0.478,0.431
202208251230,0.373,0.451,0.371,0.433,0.408,0.462,0.371,0.372,0.458,0.384,0.372,0.376,0.235,0.426,0.478,0.431
202208251300,0.373,0.451,0.371,0.433,0.408,0.462,0.371,0.372,0.458,0.384,0.372,0.376,0.235,0.426,0.478,0.431
202208251330,0.373,0.451,0.371,0.433,0.408,0.462,0.371,0.372,0.458,0.384,0.372,0.376,0.235,0.426,0.478,0.431
202208251400,0.373,0.451,0.371,0.433,0.408,0.462,0.371,0.372,0.458,0.384,0.372,0.376,0.235,0.426,0.478,0.431
202208251430,0.373,0.451,0.371,0.433,0.408,0.462,0.371,0.372,0.458,0.384,0.372,0.376,0.235,0.426,0.478,0.431
202208251500,0.373,0.451,0.371,0.433,0.408,0.462,0.371,0.372,0.458,0.384,0.372,0.376,0.235,0.426,0.478,0.431
202208251530,0.373,0.451,0.371,0.433,0.408,0.462,0.371,0.372,0.458,0.384,0.372,0.376,0.235,0.426,0.478,0.431
202208251600,0.373,0.451,0.371,0.433,0.408,0.462,0.371,0.372,0.458,0.384,0.372,0.376,0.235,0.426,0.478,0.431
202208251630,0.373,0.451,0.371,0.433,0.408,0.462,0.371,0.372,0.458,0.384,0.372,0.376,0.235,0.426,0.478,0.431
202208251700,0.373,0.451,0.371,0.433,0.408,0.462,0.371,0.372,0.458,0.384,0.372,0.376,0.235,0.426,0.478,0.431
202208251730,0.373,0.451,0.371,0.433,0.408,0.462,0.371,0.372,0.458,0.384,0.372,0.376,0.235,0.426,0.478,0.431
202208251800,0.373,0.451,0.371,0.433,0.408,0.462,0.371,0.372,0.458,0.384,0.372,0.376,0.235,0.426,0.478,0.431
202208251830,0.373,0.451,0.371,0.433,0.408,0.462,0.371,0.372,0.458,0.384,0.372,0.376,0.235,0.426,0.478,0.431
202208251900,0.373,0.451,0.371,0.433,0.408,0.462,0.371,0.372,0.458,0.384,0.372,0.376,0.235,0.426,0.478,0.431
202208251930,0.373,0.451,0.371,0.433,0.408,0.462,0.371,0.372,0.458,0.384,0.372,0.376,0.235,0.426,0.478,0.431
202208252000,0.373,0.451,0.371,0.433,0.408,0.462,0.371,0.372,0.458,0.384,0.372,0.376,0.235,0.426,0.478,0.431
202208252030,0.373,0.451,0.371,0.433,0.408,0.462,0.371,0.372,0.458,0.384,0.372,0.376,0.235,0.426,0.478,0.431
202208252100,0.373,0.451,0.371,0.433,0.408,0.462,0.371,0.372,0.458,0.384,0.372,0.376,0.235,0.426,0.478,0.431
202208252130,0.373,0.451,0.371,0.433,0.408,0.462,0.371,0.372,0.458,0.384,0.372,0.376,0.235,0.426,0.478,0.431
202208252200,0.373,0.451,0.371,0.433,0.408,0.462,0.371,0.372,0.458,0.384,0.372,0.376,0.235,0.426,0.478,0.431
202208252230,0.373,0.451,0.371,0.433,0.408,0.462,0.371,0.372,0.458,0.384,0.372,0.376,0.235,0.426,0.478,0.431
202208252300,0.373,0.451,0.371,0.433,0.408,0.462,0.371,0.372,0.458,0.384,0.372,0.376,0.235,0.426,0.478,0.431
202208252330,0.373,0.451,0.371,0.433,0.408,0.462,0.371,0.372,0.458,0.384,0.372,0.376,0.235,0.426,0.478,0.431
202208260000,0.373,0.451,0.371,0.433,0.408,0.462,0.371,0.372,0.458,0.384,0.372,0.376,0.235,0.426,0.478,0.431
202208260030,0.288,0.428,0.274,0.406,0.369,0.444,0.262,0.251,0.438,0.219,0.26,0.31,0.238,0.395,0.449,0.402
202208260100,0.288,0.428,0.274,0.406,0.369,0.444,0.262,0.251,0.438,0.219,0.26,0.31,0.238,0.395,0.449,0.402
202208260130,0.288,0.428,0.274,0.406,0.369,0.444,0.262,0.251,0.438,0.219,0.26,0.31,0.238,0.395,0.449,0.402
202208260200,0.288,0.428,0.274,0.406,0.369,0.444,0.262,0.251,0.438,0.219,0.26,0.31,0.238,0.395,0.449,0.402
202208260230,0.288,0.428,0.274,0.406,0.369,0.444,0.262,0.251,0.438,0.219,0.26,0.31,0.238,0.395,0.449,0.402
202208260300,0.288,0.428,0.274,0.406,0.369,0.444,0.262,0.251,0.438,0.219,0.26,0.31,0.238,0.395,0.449,0.402
202208260330,0.288,0.428,0.274,0.406,0.369,0.444,0.262,0.251,0.438,0.219,0.26,0.31,0.238,0.395,0.449,0.402
202208260400,0.288,0.428,0.274,0.406,0.369,0.444,0.262,0.251,0.438,0.219,0.26,0.31,0.238,0.395,0.449,0.402
202208260430,0.288,0.428,0.274,0.406,0.369,0.444,0.262,0.251,0.438,0.219,0.26,0.31,0.238,0.395,0.449,0.402
202208260500,0.288,0.428,0.274,0.406,0.369,0.444,0.262,0.251,0.438,0.219,0.26,0.31,0.238,0.395,0.449,0.402
202208260530,0.288,0.428,0.274,0.406,0.369,0.444,0.262,0.251,0.438,0.219,0.26,0.31,0.238,0.395,0.449,0.402
202208260600,0.288,0.428,0.274,0.406,0.369,0.444,0.262,0.251,0.438,0.219,0.26,0.31,0.238,0.395,0.449,0.402
202208260630,0.288,0.428,0.274,0.406,0.369,0.444,0.262,0.251,0.438,0.219,0.26,0.31,0.238,0.395,0.449,0.402
202208260700,0.288,0.428,0.274,0.406,0.369,0.444,0.262,0.251,0.438,0.219,0.26,0.31,0.238,0.395,0.449,0.402
202208260730,0.288,0.428,0.274,0.406,0.369,0.444,0.262,0.251,0.438,0.219,0.26,0.31,0.238,0.395,0.449,0.402
202208260800,0.288,0.428,0.274,0.406,0.369,0.444,0.262,0.251,0.438,0.219,0.26,0.31,0.238,0.395,0.449,0.402
202208260830,0.288,0.428,0.274,0.406,0.369,0.444,0.262,0.251,0.438,0.219,0.26,0.31,0.238,0.395,0.449,0.402
202208260900,0.288,0.428,0.274,0.406,0.369,0.444,0.262,0.251,0.438,0.219,0.26,0.31,0.238,0.395,0.449,0.402
202208260930,0.288,0.428,0.274,0.406,0.369,0.444,0.262,0.251,0.438,0.219,0.26,0.31,0.238,0.395,0.449,0.402
202208261000,0.288,0.428,0.274,0.406,0.369,0.444,0.262,0.251,0.438,0.219,0.26,0.31,0.238,0.395,0.449,0.402
202208261030,0.288,0.428,0.274,0.406,0.369,0.444,0.262,0.251,0.438,0.219,0.26,0.31,0.238,0.395,0.449,0.402
202208261100,0.288,0.428,0.274,0.406,0.369,0.444,0.262,0.251,0.438,0.219,0.26,0.31,0.238,0.395,0.449,0.402
202208261130,0.288,0.428,0.274,0.406,0.369,0.444,0.262,0.251,0.438,0.219,0.26,0.31,0.238,0.395,0.449,0.402
202208261200,0.288,0.428,0.274,0.406,0.369,0.444,0.262,0.251,0.438,0.219,0.26,0.31,0.238,0.395,0.449,0.402
202208261230,0.288,0.428,0.274,0.406,0.369,0.444,0.262,0.251,0.438,0.219,0.26,0.31,0.238,0.395,0.449,0.402
202208261300,0.288,0.428,0.274,0.406,0.369,0.444,0.262,0.251,0.438,0.219,0.26,0.31,0.238,0.395,0.449,0.402
202208261330,0.288,0.428,0.274,0.406,0.369,0.444,0.262,0.251,0.438,0.219,0.26,0.31,0.238,0.395,0.449,0.402
202208261400,0.288,0.428,0.274,0.406,0.369,0.444,0.262,0.251,0.438,0.219,0.26,0.31,0.238,0.395,0.449,0.402
202208261430,0.288,0.428,0.274,0.406,0.369,0.444,0.262,0.251,0.438,0.219,0.26,0.31,0.238,0.395,0.449,0.402
202208261500,0.288,0.428,0.274,0.406,0.369,0.444,0.262,0.251,0.438,0.219,0.26,0.31,0.238,0.395,0.449,0.402
202208261530,0.288,0.428,0.274,0.406,0.369,0.444,0.262,0.251,0.438,0.219,0.26,0.31,0.238,0.395,0.449,0.402
202208261600,0.288,0.428,0.274,0.406,0.369,0.444,0.262,0.251,0.438,0.219,0.26,0.31,0.238,0.395,0.449,0.402
202208261630,0.288,0.428,0.274,0.406,0.369,0.444,0.262,0.251,0.438,0.219,0.26,0.31,0.238,0.395,0.449,0.402
202208261700,0.288,0.428,0.274,0.406,0.369,0.444,0.262,0.251,0.438,0.219,0.26,0.31,0.238,0.395,0.449,0.402
202208261730,0.288,0.428,0.274,0.406,0.369,0.444,0.262,0.251,0.438,0.219,0.26,0.31,0.238,0.395,0.449,0.402
202208261800,0.288,0.428,0.274,0.406,0.369,0.444,0.262,0.251,0.438,0.219,0.26,0.31,0.238,0.395,0.449,0.402
202208261830,0.288,0.428,0.274,0.406,0.369,0.444,0.262,0.251,0.438,0.219,0.26,0.31,0.238,0.395,0.449,0.402
202208261900,0.288,0.428,0.274,0.406,0.369,0.444,0.262,0.251,0.438,0.219,0.26,0.31,0.238,0.395,0.449,0.402
202208261930,0.288,0.428,0.274,0.406,0.369,0.444,0.262,0.251,0.438,0.219,0.26,0.31,0.238,0.395,0.449,0.402
202208262000,0.288,0.428,0.274,0.406,0.369,0.444,0.262,0.251,0.438,0.219,0.26,0.31,0.238,0.395,0.449,0.402
202208262030,0.288,0.428,0.274,0.406,0.369,0.444,0.262,0.251,0.438,0.219,0.26,0.31,0.238,0.395,0.449,0.402
202208262100,0.288,0.428,0.274,0.406,0.369,0.444,0.262,0.251,0.438,0.219,0.26,0.31,0.238,0.395,0.449,0.402
202208262130,0.288,0.428,0.274,0.406,0.369,0.444,0.262,0.251,0.438,0.219,0.26,0.31,0.238,0.395,0.449,0.402
202208262200,0.288,0.428,0.274,0.406,0.369,0.444,0.262,0.251,0.438,0.219,0.26,0.31,0.238,0.395,0.449,0.402
202208262230,0.288,0.428,0.274,0.406,0.369,0.444,0.262,0.251,0.438,0.219,0.26,0.31,0.238,0.395,0.449,0.402
202208262300,0.288,0.428,0.274,0.406,0.369,0.444,0.262,0.251,0.438,0.219,0.26,0.31,0.238,0.395,0.449,0.402
202208262330,0.288,0.428,0.274,0.406,0.369,0.444,0.262,0.251,0.438,0.219,0.26,0.31,0.238,0.395,0.449,0.402
202208270000,0.288,0.428,0.274,0.406,0.369,0.444,0.262,0.251,0.438,0.219,0.26,0.31,0.238,0.395,0.449,0.402
202208270030,0.026,0.078,0.025,0.063,0.046,0.103,0.025,0.026,0.09,0.033,0.025,0.027,0.276,0.058,0.132,0.062
202208270100,0.026,0.078,0.025,0.063,0.046,0.103,0.025,0.026,0.09,0.033,0.025,0.027,0.276,0.058,0.132,0.062
202208270130,0.026,0.078,0.025,0.063,0.046,0.103,0.025,0.026,0.09,0.033,0.025,0.027,0.276,0.058,0.132,0.062
202208270200,0.026,0.078,0.025,0.063,0.046,0.103,0.025,0.026,0.09,0.033,0.025,0.027,0.276,0.058,0.132,0.062
202208270230,0.026,0.078,0.025,0.063,0.046,0.103,0.025,0.026,0.09,0.033,0.025,0.027,0.276,0.058,0.132,0.062
202208270300,0.026,0.078,0.025,0.063,0.046,0.103,0.025,0.026,0.09,0.033,0.025,0.027,0.276,0.058,0.132,0.062
202208270330,0.026,0.078,0.025,0.063,0.046,0.103,0.025,0.026,0.09,0.033,0.025,0.027,0.276,0.058,0.132,0.062
202208270400,0.026,0.078,0.025,0.063,0.046,0.103,0.025,0.026,0.09,0.033,0.025,0.027,0.276,0.058,0.132,0.062
202208270430,0.026,0.078,0.025,0.063,0.046,0.103,0.025,0.026,0.09,0.033,0.025,0.027,0.276,0.058,0.132,0.062
202208270500,0.026,0.078,0.025,0.063,0.046,0.103,0.025,0.026,0.09,0.033,0.025,0.027,0.276,0.058,0.132,0.062
202208270530,0.026,0.078,0.025,0.063,0.046,0.103,0.025,0.026,0.09,0.033,0.025,0.027,0.276,0.058,0.132,0.062
202208270600,0.026,0.078,0.025,0.063,0.046,0.103,0.025,0.026,0.09,0.033,0.025,0.027,0.276,0.058,0.132,0.062
202208270630,0.026,0.078,0.025,0.063,0.046,0.103,0.025,0.026,0.09,0.033,0.025,0.027,0.276,0.058,0.132,0.062
202208270700,0.026,0.078,0.025,0.063,0.046,0.103,0.025,0.026,0.09,0.033,0.025,0.027,0.276,0.058,0.132,0.062
202208270730,0.026,0.078,0.025,0.063,0.046,0.103,0.025,0.026,0.09,0.033,0.025,0.027,0.276,0.058,0.132,0.062
202208270800,0.026,0.078,0.025,0.063,0.046,0.103,0.025,0.026,0.09,0.033,0.025,0.027,0.276,0.058,0.132,0.062
202208270830,0.026,0.078,0.025,0.063,0.046,0.103,0.025,0.026,0.09,0.033,0.025,0.027,0.276,0.058,0.132,0.062
202208270900,0.026,0.078,0.025,0.063,0.046,0.103,0.025,0.026,0.09,0.033,0.025,0.027,0.276,0.058,0.132,0.062
202208270930,0.026,0.078,0.025,0.063,0.046,0.103,0.025,0.026,0.09,0.033,0.025,0.027,0.276,0.058,0.132,0.062
202208271000,0.026,0.078,0.025,0.063,0.046,0.103,0.025,0.026,0.09,0.033,0.025,0.027,0.276,0.058,0.132,0.062
202208271030,0.026,0.078,0.025,0.063,0.046,0.103,0.025,0.026,0.09,0.033,0.025,0.027,0.276,0.058,0.132,0.062
202208271100,0.026,0.078,0.025,0.063,0.046,0.103,0.025,0.026,0.09,0.033,0.025,0.027,0.276,0.058,0.132,0.062
202208271130,0.026,0.078,0.025,0.063,0.046,0.103,0.025,0.026,0.09,0.033,0.025,0.027,0.276,0.058,0.132,0.062
202208271200,0.026,0.078,0.025,0.063,0.046,0.103,0.025,0.026,0.09,0.033,0.025,0.027,0.276,0.058,0.132,0.062
202208271230,0.026,0.078,0.025,0.063,0.046,0.103,0.025,0.026,0.09,0.033,0.025,0.027,0.276,0.058,0.132,0.062
202208271300,0.026,0.078,0.025,0.063,0.046,0.103,0.025,0.026,0.09,0.033,0.025,0.027,0.276,0.058,0.132,0.062
202208271330,0.026,0.078,0.025,0.063,0.046,0.103,0.025,0.026,0.09,0.033,0.025,0.027,0.276,0.058,0.132,0.062
202208271400,0.026,0.078,0.025,0.063,0.046,0.103,0.025,0.026,0.09,0.033,0.025,0.027,0.276,0.058,0.132,0.062
202208271430,0.026,0.078,0.025,0.063,0.046,0.103,0.025,0.026,0.09,0.033,0.025,0.027,0.276,0.058,0.132,0.062
202208271500,0.026,0.078,0.025,0.063,0.046,0.103,0.025,0.026,0.09,0.033,0.025,0.027,0.276,0.058,0.132,0.062
202208271530,0.026,0.078,0.025,0.063,0.046,0.103,0.025,0.026,0.09,0.033,0.025,0.027,0.276,0.058,0.132,0.062
202208271600,0.026,0.078,0.025,0.063,0.046,0.103,0.025,0.026,0.09,0.033,0.025,0.027,0.276,0.058,0.132,0.062
202208271630,0.026,0.078,0.025,0.063,0.046,0.103,0.025,0.026,0.09,0.033,0.025,0.027,0.276,0.058,0.132,0.062
202208271700,0.026,0.078,0.025,0.063,0.046,0.103,0.025,0.026,0.09,0.033,0.025,0.027,0.276,0.058,0.132,0.062
202208271730,0.026,0.078,0.025,0.063,0.046,0.103,0.025,0.026,0.09,0.033,0.025,0.027,0.276,0.058,0.132,0.062
202208271800,0.026,0.078,0.025,0.063,0.046,0.103,0.025,0.026,0.09,0.033,0.025,0.027,0.276,0.058,0.132,0.062
202208271830,0.026,0.078,0.025,0.063,0.046,0.103,0.025,0.026,0.09,0.033,0.025,0.027,0.276,0.058,0.132,0.062
202208271900,0.026,0.078,0.025,0.063,0.046,0.103,0.025,0.026,0.09,0.033,0.025,0.027,0.276,0.058,0.132,0.062
202208271930,0.026,0.078,0.025,0.063,0.046,0.103,0.025,0.026,0.09,0.033,0.025,0.027,0.276,0.058,0.132,0.062
202208272000,0.026,0.078,0.025,0.063,0.046,0.103,0.025,0.026,0.09,0.033,0.025,0.027,0.276,0.058,0.132,0.062
202208272030,0.026,0.078,0.025,0.063,0.046,0.103,0.025,0.026,0.09,0.033,0.025,0.027,0.276,0.058,0.132,0.062
202208272100,0.026,0.078,0.025,0.063,0.046,0.103,0.025,0.026,0.09,0.033,0.025,0.027,0.276,0.058,0.132,0.062
202208272130,0.026,0.078,0.025,0.063,0.046,0.103,0.025,0.026,0.09,0.033,0.025,0.027,0.276,0.058,0.132,0.062
202208272200,0.026,0.078,0.025,0.063,0.046,0.103,0.025,0.026,0.09,0.033,0.025,0.027,0.276,0.058,0.132,0.062
202208272230,0.026,0.078,0.025,0.063,0.046,0.103,0.025,0.026,0.09,0.033,0.025,0.027,0.276,0.058,0.132,0.062
202208272300,0.026,0.078,0.025,0.063,0.046,0.103,0.025,0.026,0.09,0.033,0.025,0.027,0.276,0.058,0.132,0.062
202208272330,0.026,0.078,0.025,0.063,0.046,0.103,0.025,0.026,0.09,0.033,0.025,0.027,0.276,0.058,0.132,0.062
202208280000,0.026,0.078,0.025,0.063,0.046,0.103,0.025,0.026,0.09,0.033,0.025,0.027,0.276,0.058,0.132,0.062
202208280030,0.003,0.018,0.002,0.015,0.01,0.019,0.002,0.002,0.019,0.003,0.002,0.004,0.01,0.014,0.018,0.015
202208280100,0.003,0.018,0.002,0.015,0.01,0.019,0.002,0.002,0.019,0.003,0.002,0.004,0.01,0.014,0.018,0.015
202208280130,0.003,0.018,0.002,0.015,0.01,0.019,0.002,0.002,0.019,0.003,0.002,0.004,0.01,0.014,0.018,0.015
202208280200,0.003,0.018,0.002,0.015,0.01,0.019,0.002,0.002,0.019,0.003,0.002,0.004,0.01,0.014,0.018,0.015
202208280230,0.003,0.018,0.002,0.015,0.01,0.019,0.002,0.002,0.019,0.003,0.002,0.004,0.01,0.014,0.018,0.015
202208280300,0.003,0.018,0.002,0.015,0.01,0.019,0.002,0.002,0.019,0.003,0.002,0.004,0.01,0.014,0.018,0.015
202208280330,0.003,0.018,0.002,0.015,0.01,0.019,0.002,0.002,0.019,0.003,0.002,0.004,0.01,0.014,0.018,0.015
202208280400,0.003,0.018,0.002,0.015,0.01,0.019,0.002,0.002,0.019,0.003,0.002,0.004,0.01,0.014,0.018,0.015
202208280430,0.003,0.018,0.002,0.015,0.01,0.019,0.002,0.002,0.019,0.003,0.002,0.004,0.01,0.014,0.018,0.015
202208280500,0.003,0.018,0.002,0.015,0.01,0.019,0.002,0.002,0.019,0.003,0.002,0.004,0.01,0.014,0.018,0.015
202208280530,0.003,0.018,0.002,0.015,0.01,0.019,0.002,0.002,0.019,0.003,0.002,0.004,0.01,0.014,0.018,0.015
202208280600,0.003,0.018,0.002,0.015,0.01,0.019,0.002,0.002,0.019,0.003,0.002,0.004,0.01,0.014,0.018,0.015
202208280630,0.003,0.018,0.002,0.015,0.01,0.019,0.002,0.002,0.019,0.003,0.002,0.004,0.01,0.014,0.018,0.015
202208280700,0.003,0.018,0.002,0.015,0.01,0.019,0.002,0.002,0.019,0.003,0.002,0.004,0.01,0.014,0.018,0.015
202208280730,0.003,0.018,0.002,0.015,0.01,0.019,0.002,0.002,0.019,0.003,0.002,0.004,0.01,0.014,0.018,0.015
202208280800,0.003,0.018,0.002,0.015,0.01,0.019,0.002,0.002,0.019,0.003,0.002,0.004,0.01,0.014,0.018,0.015
202208280830,0.003,0.018,0.002,0.015,0.01,0.019,0.002,0.002,0.019,0.003,0.002,0.004,0.01,0.014,0.018,0.015
202208280900,0.003,0.018,0.002,0.015,0.01,0.019,0.002,0.002,0.019,0.003,0.002,0.004,0.01,0.014,0.018,0.015
202208280930,0.003,0.018,0.002,0.015,0.01,0.019,0.002,0.002,0.019,0.003,0.002,0.004,0.01,0.014,0.018,0.015
202208281000,0.003,0.018,0.002,0.015,0.01,0.019,0.002,0.002,0.019,0.003,0.002,0.004,0.01,0.014,0.018,0.015
202208281030,0.003,0.018,0.002,0.015,0.01,0.019,0.002,0.002,0.019,0.003,0.002,0.004,0.01,0.014,0.018,0.015
202208281100,0.003,0.018,0.002,0.015,0.01,0.019,0.002,0.002,0.019,0.003,0.002,0.004,0.01,0.014,0.018,0.015
202208281130,0.003,0.018,0.002,0.015,0.01,0.019,0.002,0.002,0.019,0.003,0.002,0.004,0.01,0.014,0.018,0.015
202208281200,0.003,0.018,0.002,0.015,0.01,0.019,0.002,0.002,0.019,0.003,0.002,0.004,0.01,0.014,0.018,0.015
202208281230,0.003,0.018,0.002,0.015,0.01,0.019,0.002,0.002,0.019,0.003,0.002,0.004,0.01,0.014,0.018,0.015
202208281300,0.003,0.018,0.002,0.015,0.01,0.019,0.002,0.002,0.019,0.003,0.002,0.004,0.01,0.014,0.018,0.015
202208281330,0.003,0.018,0.002,0.015,0.01,0.019,0.002,0.002,0.019,0.003,0.002,0.004,0.01,0.014,0.018,0.015
202208281400,0.003,0.018,0.002,0.015,0.01,0.019,0.002,0.002,0.019,0.003,0.002,0.004,0.01,0.014,0.018,0.015
202208281430,0.003,0.018,0.002,0.015,0.01,0.019,0.002,0.002,0.019,0.003,0.002,0.004,0.01,0.014,0.018,0.015
202208281500,0.003,0.018,0.002,0.015,0.01,0.019,0.002,0.002,0.019,0.003,0.002,0.004,0.01,0.014,0.018,0.015
202208281530,0.003,0.018,0.002,0.015,0.01,0.019,0.002,0.002,0.019,0.003,0.002,0.004,0.01,0.014,0.018,0.015
202208281600,0.003,0.018,0.002,0.015,0.01,0.019,0.002,0.002,0.019,0.003,0.002,0.004,0.01,0.014,0.018,0.015
202208281630,0.003,0.018,0.002,0.015,0.01,0.019,0.002,0.002,0.019,0.003,0.002,0.004,0.01,0.014,0.018,0.015
202208281700,0.003,0.018,0.002,0.015,0.01,0.019,0.002,0.002,0.019,0.003,0.002,0.004,0.01,0.014,0.018,0.015
202208281730,0.003,0.018,0.002,0.015,0.01,0.019,0.002,0.002,0.019,0.003,0.002,0.004,0.01,0.014,0.018,0.015
202208281800,0.003,0.018,0.002,0.015,0.01,0.019,0.002,0.002,0.019,0.003,0.002,0.004,0.01,0.014,0.018,0.015
202208281830,0.003,0.018,0.002,0.015,0.01,0.019,0.002,0.002,0.019,0.003,0.002,0.004,0.01,0.014,0.018,0.015
202208281900,0.003,0.018,0.002,0.015,0.01,0.019,0.002,0.002,0.019,0.003,0.002,0.004,0.01,0.014,0.018,0.015
202208281930,0.003,0.018,0.002,0.015,0.01,0.019,0.002,0.002,0.019,0.003,0.002,0.004,0.01,0.014,0.018,0.015
202208282000,0.003,0.018,0.002,0.015,0.01,0.019,0.002,0.002,0.019,0.003,0.002,0.004,0.01,0.014,0.018,0.015
202208282030,0.003,0.018,0.002,0.015,0.01,0.019,0.002,0.002,0.019,0.003,0.002,0.004,0.01,0.014,0.018,0.015
202208282100,0.003,0.018,0.002,0.015,0.01,0.019,0.002,0.002,0.019,0.003,0.002,0.004,0.01,0.014,0.018,0.015
202208282130,0.003,0.018,0.002,0.015,0.01,0.019,0.002,0.002,0.019,0.003,0.002,0.004,0.01,0.014,0.018,0.015
202208282200,0.003,0.018,0.002,0.015,0.01,0.019,0.002,0.002,0.019,0.003,0.002,0.004,0.01,0.014,0.018,0.015
202208282230,0.003,0.018,0.002,0.015,0.01,0.019,0.002,0.002,0.019,0.003,0.002,0.004,0.01,0.014,0.018,0.015
202208282300,0.003,0.018,0.002,0.015,0.01,0.019,0.002,0.002,0.019,0.003,0.002,0.004,0.01,0.014,0.018,0.015
202208282330,0.003,0.018,0.002,0.015,0.01,0.019,0.002,0.002,0.019,0.003,0.002,0.004,0.01,0.014,0.018,0.015
202208290000,0.003,0.018,0.002,0.015,0.01,0.019,0.002,0.002,0.019,0.003,0.002,0.004,0.01,0.014,0.018,0.015
202208290030,0.003,0.016,0.003,0.014,0.01,0.016,0.002,0.001,0.016,0.001,0.002,0.005,0.003,0.013,0.013,0.013
202208290100,0.003,0.016,0.003,0.014,0.01,0.016,0.002,0.001,0.016,0.001,0.002,0.005,0.003,0.013,0.013,0.013
202208290130,0.003,0.016,0.003,0.014,0.01,0.016,0.002,0.001,0.016,0.001,0.002,0.005,0.003,0.013,0.013,0.013
202208290200,0.003,0.016,0.003,0.014,0.01,0.016,0.002,0.001,0.016,0.001,0.002,0.005,0.003,0.013,0.013,0.013
202208290230,0.003,0.016,0.003,0.014,0.01,0.016,0.002,0.001,0.016,0.001,0.002,0.005,0.003,0.013,0.013,0.013
202208290300,0.003,0.016,0.003,0.014,0.01,0.016,0.002,0.001,0.016,0.001,0.002,0.005,0.003,0.013,0.013,0.013
202208290330,0.003,0.016,0.003,0.014,0.01,0.016,0.002,0.001,0.016,0.001,0.002,0.005,0.003,0.013,0.013,0.013
202208290400,0.003,0.016,0.003,0.014,0.01,0.016,0.002,0.001,0.016,0.001,0.002,0.005,0.003,0.013,0.013,0.013
202208290430,0.003,0.016,0.003,0.014,0.01,0.016,0.002,0.001,0.016,0.001,0.002,0.005,0.003,0.013,0.013,0.013
202208290500,0.003,0.016,0.003,0.014,0.01,0.016,0.002,0.001,0.016,0.001,0.002,0.005,0.003,0.013,0.013,0.013
202208290530,0.003,0.016,0.003,0.014,0.01,0.016,0.002,0.001,0.016,0.001,0.002,0.005,0.003,0.013,0.013,0.013
202208290600,0.003,0.016,0.003,0.014,0.01,0.016,0.002,0.001,0.016,0.001,0.002,0.005,0.003,0.013,0.013,0.013
202208290630,0.003,0.016,0.003,0.014,0.01,0.016,0.002,0.001,0.016,0.001,0.002,0.005,0.003,0.013,0.013,0.013
202208290700,0.003,0.016,0.003,0.014,0.01,0.016,0.002,0.001,0.016,0.001,0.002,0.005,0.003,0.013,0.013,0.013
202208290730,0.003,0.016,0.003,0.014,0.01,0.016,0.002,0.001,0.016,0.001,0.002,0.005,0.003,0.013,0.013,0.013
202208290800,0.003,0.016,0.003,0.014,0.01,0.016,0.002,0.001,0.016,0.001,0.002,0.005,0.003,0.013,0.013,0.013
202208290830,0.003,0.016,0.003,0.014,0.01,0.016,0.002,0.001,0.016,0.001,0.002,0.005,0.003,0.013,0.013,0.013
202208290900,0.003,0.016,0.003,0.014,0.01,0.016,0.002,0.001,0.016,0.001,0.002,0.005,0.003,0.013,0.013,0.013
202208290930,0.003,0.016,0.003,0.014,0.01,0.016,0.002,0.001,0.016,0.001,0.002,0.005,0.003,0.013,0.013,0.013
202208291000,0.003,0.016,0.003,0.014,0.01,0.016,0.002,0.001,0.016,0.001,0.002,0.005,0.003,0.013,0.013,0.013
202208291030,0.003,0.016,0.003,0.014,0.01,0.016,0.002,0.001,0.016,0.001,0.002,0.005,0.003,0.013,0.013,0.013
202208291100,0.003,0.016,0.003,0.014,0.01,0.016,0.002,0.001,0.016,0.001,0.002,0.005,0.003,0.013,0.013,0.013
202208291130,0.003,0.016,0.003,0.014,0.01,0.016,0.002,0.001,0.016,0.001,0.002,0.005,0.003,0.013,0.013,0.013
202208291200,0.003,0.016,0.003,0.014,0.01,0.016,0.002,0.001,0.016,0.001,0.002,0.005,0.003,0.013,0.013,0.013
202208291230,0.003,0.016,0.003,0.014,0.01,0.016,0.002,0.001,0.016,0.001,0.002,0.005,0.003,0.013,0.013,0.013
202208291300,0.003,0.016,0.003,0.014,0.01,0.016,0.002,0.001,0.016,0.001,0.002,0.005,0.003,0.013,0.013,0.013
202208291330,0.003,0.016,0.003,0.014,0.01,0.016,0.002,0.001,0.016,0.001,0.002,0.005,0.003,0.013,0.013,0.013
202208291400,0.003,0.016,0.003,0.014,0.01,0.016,0.002,0.001,0.016,0.001,0.002,0.005,0.003,0.013,0.013,0.013
202208291430,0.003,0.016,0.003,0.014,0.01,0.016,0.002,0.001,0.016,0.001,0.002,0.005,0.003,0.013,0.013,0.013
202208291500,0.003,0.016,0.003,0.014,0.01,0.016,0.002,0.001,0.016,0.001,0.002,0.005,0.003,0.013,0.013,0.013
202208291530,0.003,0.016,0.003,0.014,0.01,0.016,0.002,0.001,0.016,0.001,0.002,0.005,0.003,0.013,0.013,0.013
202208291600,0.003,0.016,0.003,0.014,0.01,0.016,0.002,0.001,0.016,0.001,0.002,0.005,0.003,0.013,0.013,0.013
202208291630,0.003,0.016,0.003,0.014,0.01,0.016,0.002,0.001,0.016,0.001,0.002,0.005,0.003,0.013,0.013,0.013
202208291700,0.003,0.016,0.003,0.014,0.01,0.016,0.002,0.001,0.016,0.001,0.002,0.005,0.003,0.013,0.013,0.013
202208291730,0.003,0.016,0.003,0.014,0.01,0.016,0.002,0.001,0.016,0.001,0.002,0.005,0.003,0.013,0.013,0.013
202208291800,0.003,0.016,0.003,0.014,0.01,0.016,0.002,0.001,0.016,0.001,0.002,0.005,0.003,0.013,0.013,0.013
202208291830,0.003,0.016,0.003,0.014,0.01,0.016,0.002,0.001,0.016,0.001,0.002,0.005,0.003,0.013,0.013,0.013
202208291900,0.003,0.016,0.003,0.014,0.01,0.016,0.002,0.001,0.016,0.001,0.002,0.005,0.003,0.013,0.013,0.013
202208291930,0.003,0.016,0.003,0.014,0.01,0.016,0.002,0.001,0.016,0.001,0.002,0.005,0.003,0.013,0.013,0.013
202208292000,0.003,0.016,0.003,0.014,0.01,0.016,0.002,0.001,0.016,0.001,0.002,0.005,0.003,0.013,0.013,0.013
202208292030,0.003,0.016,0.003,0.014,0.01,0.016,0.002,0.001,0.016,0.001,0.002,0.005,0.003,0.013,0.013,0.013
202208292100,0.003,0.016,0.003,0.014,0.01,0.016,0.002,0.001,0.016,0.001,0.002,0.005,0.003,0.013,0.013,0.013
202208292130,0.003,0.016,0.003,0.014,0.01,0.016,0.002,0.001,0.016,0.001,0.002,0.005,0.003,0.013,0.013,0.013
202208292200,0.003,0.016,0.003,0.014,0.01,0.016,0.002,0.001,0.016,0.001,0.002,0.005,0.003,0.013,0.013,0.013
202208292230,0.003,0.016,0.003,0.014,0.01,0.016,0.002,0.001,0.016,0.001,0.002,0.005,0.003,0.013,0.013,0.013
202208292300,0.003,0.016,0.003,0.014,0.01,0.016,0.002,0.001,0.016,0.001,0.002,0.005,0.003,0.013,0.013,0.013
202208292330,0.003,0.016,0.003,0.014,0.01,0.016,0.002,0.001,0.016,0.001,0.002,0.005,0.003,0.013,0.013,0.013
202208300000,0.003,0.016,0.003,0.014,0.01,0.016,0.002,0.001,0.016,0.001,0.002,0.005,0.003,0.013,0.013,0.013
202208300030,0.094,0.194,0.084,0.183,0.156,0.203,0.075,0.068,0.202,0.048,0.073,0.108,0.048,0.176,0.204,0.181
202208300100,0.094,0.194,0.084,0.183,0.156,0.203,0.075,0.068,0.202,0.048,0.073,0.108,0.048,0.176,0.204,0.181
202208300130,0.094,0.194,0.084,0.183,0.156,0.203,0.075,0.068,0.202,0.048,0.073,0.108,0.048,0.176,0.204,0.181
202208300200,0.094,0.194,0.084,0.183,0.156,0.203,0.075,0.068,0.202,0.048,0.073,0.108,0.048,0.176,0.204,0.181
202208300230,0.094,0.194,0.084,0.183,0.156,0.203,0.075,0.068,0.202,0.048,0.073,0.108,0.048,0.176,0.204,0.181
202208300300,0.094,0.194,0.084,0.183,0.156,0.203,0.075,0.068,0.202,0.048,0.073,0.108,0.048,0.176,0.204,0.181
202208300330,0.094,0.194,0.084,0.183,0.156,0.203,0.075,0.068,0.202,0.048,0.073,0.108,0.048,0.176,0.204,0.181
202208300400,0.094,0.194,0.084,0.183,0.156,0.203,0.075,0.068,0.202,0.048,0.073,0.108,0.048,0.176,0.204,0.181
202208300430,0.094,0.194,0.084,0.183,0.156,0.203,0.075,0.068,0.202,0.048,0.073,0.108,0.048,0.176,0.204,0.181
202208300500,0.094,0.194,0.084,0.183,0.156,0.203,0.075,0.068,0.202,0.048,0.073,0.108,0.048,0.176,0.204,0.181
202208300530,0.094,0.194,0.084,0.183,0.156,0.203,0.075,0.068,0.202,0.048,0.073,0.108,0.048,0.176,0.204,0.181
202208300600,0.094,0.194,0.084,0.183,0.156,0.203,0.075,0.068,0.202,0.048,0.073,0.108,0.048,0.176,0.204,0.181
202208300630,0.094,0.194,0.084,0.183,0.156,0.203,0.075,0.068,0.202,0.048,0.073,0.108,0.048,0.176,0.204,0.181
202208300700,0.094,0.194,0.084,0.183,0.156,0.203,0.075,0.068,0.202,0.048,0.073,0.108,0.048,0.176,0.204,0.181
202208300730,0.094,0.194,0.084,0.183,0.156,0.203,0.075,0.068,0.202,0.048,0.073,0.108,0.048,0.176,0.204,0.181
202208300800,0.094,0.194,0.084,0.183,0.156,0.203,0.075,0.068,0.202,0.048,0.073,0.108,0.048,0.176,0.204,0.181
202208300830,0.094,0.194,0.084,0.183,0.156,0.203,0.075,0.068,0.202,0.048,0.073,0.108,0.048,0.176,0.204,0.181
202208300900,0.094,0.194,0.084,0.183,0.156,0.203,0.075,0.068,0.202,0.048,0.073,0.108,0.048,0.176,0.204,0.181
202208300930,0.094,0.194,0.084,0.183,0.156,0.203,0.075,0.068,0.202,0.048,0.073,0.108,0.048,0.176,0.204,0.181
202208301000,0.094,0.194,0.084,0.183,0.156,0.203,0.075,0.068,0.202,0.048,0.073,0.108,0.048,0.176,0.204,0.181
202208301030,0.094,0.194,0.084,0.183,0.156,0.203,0.075,0.068,0.202,0.048,0.073,0.108,0.048,0.176,0.204,0.181
202208301100,0.094,0.194,0.084,0.183,0.156,0.203,0.075,0.068,0.202,0.048,0.073,0.108,0.048,0.176,0.204,0.181
202208301130,0.094,0.194,0.084,0.183,0.156,0.203,0.075,0.068,0.202,0.048,0.073,0.108,0.048,0.176,0.204,0.181
202208301200,0.094,0.194,0.084,0.183,0.156,0.203,0.075,0.068,0.202,0.048,0.073,0.108,0.048,0.176,0.204,0.181
202208301230,0.094,0.194,0.084,0.183,0.156,0.203,0.075,0.068,0.202,0.048,0.073,0.108,0.048,0.176,0.204,0.181
202208301300,0.094,0.194,0.084,0.183,0.156,0.203,0.075,0.068,0.202,0.048,0.073,0.108,0.048,0.176,0.204,0.181
202208301330,0.094,0.194,0.084,0.183,0.156,0.203,0.075,0.068,0.202,0.048,0.073,0.108,0.048,0.176,0.204,0.181
202208301400,0.094,0.194,0.084,0.183,0.156,0.203,0.075,0.068,0.202,0.048,0.073,0.108,0.048,0.176,0.204,0.181
202208301430,0.094,0.194,0.084,0.183,0.156,0.203,0.075,0.068,0.202,0.048,0.073,0.108,0.048,0.176,0.204,0.181
202208301500,0.094,0.194,0.084,0.183,0.156,0.203,0.075,0.068,0.202,0.048,0.073,0.108,0.048,0.176,0.204,0.181
202208301530,0.094,0.194,0.084,0.183,0.156,0.203,0.075,0.068,0.202,0.048,0.073,0.108,0.048,0.176,0.204,0.181
202208301600,0.094,0.194,0.084,0.183,0.156,0.203,0.075,0.068,0.202,0.048,0.073,0.108,0.048,0.176,0.204,0.181
202208301630,0.094,0.194,0.084,0.183,0.156,0.203,0.075,0.068,0.202,0.048,0.073,0.108,0.048,0.176,0.204,0.181
202208301700,0.094,0.194,0.084,0.183,0.156,0.203,0.075,0.068,0.202,0.048,0.073,0.108,0.048,0.176,0.204,0.181
202208301730,0.094,0.194,0.084,0.183,0.156,0.203,0.075,0.068,0.202,0.048,0.073,0.108,0.048,0.176,0.204,0.181
202208301800,0.094,0.194,0.084,0.183,0.156,0.203,0.075,0.068,0.202,0.048,0.073,0.108,0.048,0.176,0.204,0.181
202208301830,0.094,0.194,0.084,0.183,0.156,0.203,0.075,0.068,0.202,0.048,0.073,0.108,0.048,0.176,0.204,0.181
202208301900,0.094,0.194,0.084,0.183,0.156,0.203,0.075,0.068,0.202,0.048,0.073,0.108,0.048,0.176,0.204,0.181
202208301930,0.094,0.194,0.084,0.183,0.156,0.203,0.075,0.068,0.202,0.048,0.073,0.108,0.048,0.176,0.204,0.181
202208302000,0.094,0.194,0.084,0.183,0.156,0.203,0.075,0.068,0.202,0.048,0.073,0.108,0.048,0.176,0.204,0.181
202208302030,0.094,0.194,0.084,0.183,0.156,0.203,0.075,0.068,0.202,0.048,0.073,0.108,0.048,0.176,0.204,0.181
202208302100,0.094,0.194,0.084,0.183,0.156,0.203,0.075,0.068,0.202,0.048,0.073,0.108,0.048,0.176,0.204,0.181
202208302130,0.094,0.194,0.084,0.183,0.156,0.203,0.075,0.068,0.202,0.048,0.073,0.108,0.048,0.176,0.204,0.181
202208302200,0.094,0.194,0.084,0.183,0.156,0.203,0.075,0.068,0.202,0.048,0.073,0.108,0.048,0.176,0.204,0.181
202208302230,0.094,0.194,0.084,0.183,0.156,0.203,0.075,0.068,0.202,0.048,0.073,0.108,0.048,0.176,0.204,0.181
202208302300,0.094,0.194,0.084,0.183,0.156,0.203,0.075,0.068,0.202,0.048,0.073,0.108,0.048,0.176,0.204,0.181
202208302330,0.094,0.194,0.084,0.183,0.156,0.203,0.075,0.068,0.202,0.048,0.073,0.108,0.048,0.176,0.204,0.181
202208310000,0.094,0.194,0.084,0.183,0.156,0.203,0.075,0.068,0.202,0.048,0.073,0.108,0.048,0.176,0.204,0.181
202208310030,0.26,0.31,0.259,0.297,0.28,0.329,0.256,0.255,0.322,0.258,0.255,0.266,0.076,0.29,0.334,0.294
202208310100,0.26,0.31,0.259,0.297,0.28,0.329,0.256,0.255,0.322,0.258,0.255,0.266,0.076,0.29,0.334,0.294
202208310130,0.26,0.31,0.259,0.297,0.28,0.329,0.256,0.255,0.322,0.258,0.255,0.266,0.076,0.29,0.334,0.294
202208310200,0.26,0.31,0.259,0.297,0.28,0.329,0.256,0.255,0.322,0.258,0.255,0.266,0.076,0.29,0.334,0.294
202208310230,0.26,0.31,0.259,0.297,0.28,0.329,0.256,0.255,0.322,0.258,0.255,0.266,0.076,0.29,0.334,0.294
202208310300,0.26,0.31,0.259,0.297,0.28,0.329,0.256,0.255,0.322,0.258,0.255,0.266,0.076,0.29,0.334,0.294
202208310330,0.26,0.31,0.259,0.297,0.28,0.329,0.256,0.255,0.322,0.258,0.255,0.266,0.076,0.29,0.334,0.294
202208310400,0.26,0.31,0.259,0.297,0.28,0.329,0.256,0.255,0.322,0.258,0.255,0.266,0.076,0.29,0.334,0.294
202208310430,0.26,0.31,0.259,0.297,0.28,0.329,0.256,0.255,0.322,0.258,0.255,0.266,0.076,0.29,0.334,0.294
202208310500,0.26,0.31,0.259,0.297,0.28,0.329,0.256,0.255,0.322,0.258,0.255,0.266,0.076,0.29,0.334,0.294
202208310530,0.26,0.31,0.259,0.297,0.28,0.329,0.256,0.255,0.322,0.258,0.255,0.266,0.076,0.29,0.334,0.294
202208310600,0.26,0.31,0.259,0.297,0.28,0.329,0.256,0.255,0.322,0.258,0.255,0.266,0.076,0.29,0.334,0.294
202208310630,0.26,0.31,0.259,0.297,0.28,0.329,0.256,0.255,0.322,0.258,0.255,0.266,0.076,0.29,0.334,0.294
202208310700,0.26,0.31,0.259,0.297,0.28,0.329,0.256,0.255,0.322,0.258,0.255,0.266,0.076,0.29,0.334,0.294
202208310730,0.26,0.31,0.259,0.297,0.28,0.329,0.256,0.255,0.322,0.258,0.255,0.266,0.076,0.29,0.334,0.294
202208310800,0.26,0.31,0.259,0.297,0.28,0.329,0.256,0.255,0.322,0.258,0.255,0.266,0.076,0.29,0.334,0.294
202208310830,0.26,0.31,0.259,0.297,0.28,0.329,0.256,0.255,0.322,0.258,0.255,0.266,0.076,0.29,0.334,0.294
202208310900,0.26,0.31,0.259,0.297,0.28,0.329,0.256,0.255,0.322,0.258,0.255,0.266,0.076,0.29,0.334,0.294
202208310930,0.26,0.31,0.259,0.297,0.28,0.329,0.256,0.255,0.322,0.258,0.255,0.266,0.076,0.29,0.334,0.294
202208311000,0.26,0.31,0.259,0.297,0.28,0.329,0.256,0.255,0.322,0.258,0.255,0.266,0.076,0.29,0.334,0.294
202208311030,0.26,0.31,0.259,0.297,0.28,0.329,0.256,0.255,0.322,0.258,0.255,0.266,0.076,0.29,0.334,0.294
202208311100,0.26,0.31,0.259,0.297,0.28,0.329,0.256,0.255,0.322,0.258,0.255,0.266,0.076,0.29,0.334,0.294
202208311130,0.26,0.31,0.259,0.297,0.28,0.329,0.256,0.255,0.322,0.258,0.255,0.266,0.076,0.29,0.334,0.294
202208311200,0.26,0.31,0.259,0.297,0.28,0.329,0.256,0.255,0.322,0.258,0.255,0.266,0.076,0.29,0.334,0.294
202208311230,0.26,0.31,0.259,0.297,0.28,0.329,0.256,0.255,0.322,0.258,0.255,0.266,0.076,0.29,0.334,0.294
202208311300,0.26,0.31,0.259,0.297,0.28,0.329,0.256,0.255,0.322,0.258,0.255,0.266,0.076,0.29,0.334,0.294
202208311330,0.26,0.31,0.259,0.297,0.28,0.329,0.256,0.255,0.322,0.258,0.255,0.266,0.076,0.29,0.334,0.294
202208311400,0.26,0.31,0.259,0.297,0.28,0.329,0.256,0.255,0.322,0.258,0.255,0.266,0.076,0.29,0.334,0.294
202208311430,0.26,0.31,0.259,0.297,0.28,0.329,0.256,0.255,0.322,0.258,0.255,0.266,0.076,0.29,0.334,0.294
202208311500,0.26,0.31,0.259,0.297,0.28,0.329,0.256,0.255,0.322,0.258,0.255,0.266,0.076,0.29,0.334,0.294
202208311530,0.26,0.31,0.259,0.297,0.28,0.329,0.256,0.255,0.322,0.258,0.255,0.266,0.076,0.29,0.334,0.294
202208311600,0.26,0.31,0.259,0.297,0.28,0.329,0.256,0.255,0.322,0.258,0.255,0.266,0.076,0.29,0.334,0.294
202208311630,0.26,0.31,0.259,0.297,0.28,0.329,0.256,0.255,0.322,0.258,0.255,0.266,0.076,0.29,0.334,0.294
202208311700,0.26,0.31,0.259,0.297,0.28,0.329,0.256,0.255,0.322,0.258,0.255,0.266,0.076,0.29,0.334,0.294
202208311730,0.26,0.31,0.259,0.297,0.28,0.329,0.256,0.255,0.322,0.258,0.255,0.266,0.076,0.29,0.334,0.294
202208311800,0.26,0.31,0.259,0.297,0.28,0.329,0.256,0.255,0.322,0.258,0.255,0.266,0.076,0.29,0.334,0.294
202208311830,0.26,0.31,0.259,0.297,0.28,0.329,0.256,0.255,0.322,0.258,0.255,0.266,0.076,0.29,0.334,0.294
202208311900,0.26,0.31,0.259,0.297,0.28,0.329,0.256,0.255,0.322,0.258,0.255,0.266,0.076,0.29,0.334,0.294
202208311930,0.26,0.31,0.259,0.297,0.28,0.329,0.256,0.255,0.322,0.258,0.255,0.266,0.076,0.29,0.334,0.294
202208312000,0.26,0.31,0.259,0.297,0.28,0.329,0.256,0.255,0.322,0.258,0.255,0.266,0.076,0.29,0.334,0.294
202208312030,0.26,0.31,0.259,0.297,0.28,0.329,0.256,0.255,0.322,0.258,0.255,0.266,0.076,0.29,0.334,0.294
202208312100,0.26,0.31,0.259,0.297,0.28,0.329,0.256,0.255,0.322,0.258,0.255,0.266,0.076,0.29,0.334,0.294
202208312130,0.26,0.31,0.259,0.297,0.28,0.329,0.256,0.255,0.322,0.258,0.255,0.266,0.076,0.29,0.334,0.294
202208312200,0.26,0.31,0.259,0.297,0.28,0.329,0.256,0.255,0.322,0.258,0.255,0.266,0.076,0.29,0.334,0.294
202208312230,0.26,0.31,0.259,0.297,0.28,0.329,0.256,0.255,0.322,0.258,0.255,0.266,0.076,0.29,0.334,0.294
202208312300,0.26,0.31,0.259,0.297,0.28,0.329,0.256,0.255,0.322,0.258,0.255,0.266,0.076,0.29,0.334,0.294
202208312330,0.26,0.31,0.259,0.297,0.28,0.329,0.256,0.255,0.322,0.258,0.255,0.266,0.076,0.29,0.334,0.294
202209010000,0.26,0.31,0.259,0.297,0.28,0.329,0.256,0.255,0.322,0.258,0.255,0.266,0.076,0.29,0.334,0.294
202209010030,0.249,0.343,0.239,0.324,0.302,0.355,0.229,0.221,0.349,0.201,0.227,0.265,0.132,0.318,0.361,0.323
202209010100,0.249,0.343,0.239,0.324,0.302,0.355,0.229,0.221,0.349,0.201,0.227,0.265,0.132,0.318,0.361,0.323
202209010130,0.249,0.343,0.239,0.324,0.302,0.355,0.229,0.221,0.349,0.201,0.227,0.265,0.132,0.318,0.361,0.323
202209010200,0.249,0.343,0.239,0.324,0.302,0.355,0.229,0.221,0.349,0.201,0.227,0.265,0.132,0.318,0.361,0.323
202209010230,0.249,0.343,0.239,0.324,0.302,0.355,0.229,0.221,0.349,0.201,0.227,0.265,0.132,0.318,0.361,0.323
202209010300,0.249,0.343,0.239,0.324,0.302,0.355,0.229,0.221,0.349,0.201,0.227,0.265,0.132,0.318,0.361,0.323
202209010330,0.249,0.343,0.239,0.324,0.302,0.355,0.229,0.221,0.349,0.201,0.227,0.265,0.132,0.318,0.361,0.323
202209010400,0.249,0.343,0.239,0.324,0.302,0.355,0.229,0.221,0.349,0.201,0.227,0.265,0.132,0.318,0.361,0.323
202209010430,0.249,0.343,0.239,0.324,0.302,0.355,0.229,0.221,0.349,0.201,0.227,0.265,0.132,0.318,0.361,0.323
202209010500,0.249,0.343,0.239,0.324,0.302,0.355,0.229,0.221,0.349,0.201,0.227,0.265,0.132,0.318,0.361,0.323
202209010530,0.249,0.343,0.239,0.324,0.302,0.355,0.229,0.221,0.349,0.201,0.227,0.265,0.132,0.318,0.361,0.323
202209010600,0.249,0.343,0.239,0.324,0.302,0.355,0.229,0.221,0.349,0.201,0.227,0.265,0.132,0.318,0.361,0.323
202209010630,0.249,0.343,0.239,0.324,0.302,0.355,0.229,0.221,0.349,0.201,0.227,0.265,0.132,0.318,0.361,0.323
202209010700,0.249,0.343,0.239,0.324,0.302,0.355,0.229,0.221,0.349,0.201,0.227,0.265,0.132,0.318,0.361,0.323
202209010730,0.249,0.343,0.239,0.324,0.302,0.355,0.229,0.221,0.349,0.201,0.227,0.265,0.132,0.318,0.361,0.323
202209010800,0.249,0.343,0.239,0.324,0.302,0.355,0.229,0.221,0.349,0.201,0.227,0.265,0.132,0.318,0.361,0.323
202209010830,0.249,0.343,0.239,0.324,0.302,0.355,0.229,0.221,0.349,0.201,0.227,0.265,0.132,0.318,0.361,0.323
202209010900,0.249,0.343,0.239,0.324,0.302,0.355,0.229,0.221,0.349,0.201,0.227,0.265,0.132,0.318,0.361,0.323
202209010930,0.249,0.343,0.239,0.324,0.302,0.355,0.229,0.221,0.349,0.201,0.227,0.265,0.132,0.318,0.361,0.323
202209011000,0.249,0.343,0.239,0.324,0.302,0.355,0.229,0.221,0.349,0.201,0.227,0.265,0.132,0.318,0.361,0.323
202209011030,0.249,0.343,0.239,0.324,0.302,0.355,0.229,0.221,0.349,0.201,0.227,0.265,0.132,0.318,0.361,0.323
202209011100,0.249,0.343,0.239,0.324,0.302,0.355,0.229,0.221,0.349,0.201,0.227,0.265,0.132,0.318,0.361,0.323
202209011130,0.249,0.343,0.239,0.324,0.302,0.355,0.229,0.221,0.349,0.201,0.227,0.265,0.132,0.318,0.361,0.323
202209011200,0.249,0.343,0.239,0.324,0.302,0.355,0.229,0.221,0.349,0.201,0.227,0.265,0.132,0.318,0.361,0.323
202209011230,0.249,0.343,0.239,0.324,0.302,0.355,0.229,0.221,0.349,0.201,0.227,0.265,0.132,0.318,0.361,0.323
202209011300,0.249,0.343,0.239,0.324,0.302,0.355,0.229,0.221,0.349,0.201,0.227,0.265,0.132,0.318,0.361,0.323
202209011330,0.249,0.343,0.239,0.324,0.302,0.355,0.229,0.221,0.349,0.201,0.227,0.265,0.132,0.318,0.361,0.323
202209011400,0.249,0.343,0.239,0.324,0.302,0.355,0.229,0.221,0.349,0.201,0.227,0.265,0.132,0.318,0.361,0.323
202209011430,0.249,0.343,0.239,0.324,0.302,0.355,0.229,0.221,0.349,0.201,0.227,0.265,0.132,0.318,0.361,0.323
202209011500,0.249,0.343,0.239,0.324,0.302,0.355,0.229,0.221,0.349,0.201,0.227,0.265,0.132,0.318,0.361,0.323
202209011530,0.249,0.343,0.239,0.324,0.302,0.355,0.229,0.221,0.349,0.201,0.227,0.265,0.132,0.318,0.361,0.323
202209011600,0.249,0.343,0.239,0.324,0.302,0.355,0.229,0.221,0.349,0.201,0.227,0.265,0.132,0.318,0.361,0.323
202209011630,0.249,0.343,0.239,0.324,0.302,0.355,0.229,0.221,0.349,0.201,0.227,0.265,0.132,0.318,0.361,0.323
202209011700,0.249,0.343,0.239,0.324,0.302,0.355,0.229,0.221,0.349,0.201,0.227,0.265,0.132,0.318,0.361,0.323
202209011730,0.249,0.343,0.239,0.324,0.302,0.355,0.229,0.221,0.349,0.201,0.227,0.265,0.132,0.318,0.361,0.323
202209011800,0.249,0.343,0.239,0.324,0.302,0.355,0.229,0.221,0.349,0.201,0.227,0.265,0.132,0.318,0.361,0.323
202209011830,0.249,0.343,0.239,0.324,0.302,0.355,0.229,0.221,0.349,0.201,0.227,0.265,0.132,0.318,0.361,0.323
202209011900,0.249,0.343,0.239,0.324,0.302,0.355,0.229,0.221,0.349,0.201,0.227,0.265,0.132,0.318,0.361,0.323
202209011930,0.249,0.343,0.239,0.324,0.302,0.355,0.229,0.221,0.349,0.201,0.227,0.265,0.132,0.318,0.361,0.323
202209012000,0.249,0.343,0.239,0.324,0.302,0.355,0.229,0.221,0.349,0.201,0.227,0.265,0.132,0.318,0.361,0.323
202209012030,0.249,0.343,0.239,0.324,0.302,0.355,0.229,0.221,0.349,0.201,0.227,0.265,0.132,0.318,0.361,0.323
202209012100,0.249,0.343,0.239,0.324,0.302,0.355,0.229,0.221,0.349,0.201,0.227,0.265,0.132,0.318,0.361,0.323
202209012130,0.249,0.343,0.239,0.324,0.302,0.355,0.229,0.221,0.349,0.201,0.227,0.265,0.132,0.318,0.361,0.323
202209012200,0.249,0.343,0.239,0.324,0.302,0.355,0.229,0.221,0.349,0.201,0.227,0.265,0.132,0.318,0.361,0.323
202209012230,0.249,0.343,0.239,0.324,0.302,0.355,0.229,0.221,0.349,0.201,0.227,0.265,0.132,0.318,0.361,0.323
202209012300,0.249,0.343,0.239,0.324,0.302,0.355,0.229,0.221,0.349,0.201,0.227,0.265,0.132,0.318,0.361,0.323
202209012330,0.249,0.343,0.239,0.324,0.302,0.355,0.229,0.221,0.349,0.201,0.227,0.265,0.132,0.318,0.361,0.323
202209020000,0.249,0.343,0.239,0.324,0.302,0.355,0.229,0.221,0.349,0.201,0.227,0.265,0.132,0.318,0.361,0.323
202209020030,0.553,0.635,0.533,0.635,0.616,0.635,0.514,0.496,0.637,0.441,0.508,0.581,0.236,0.628,0.633,0.631
202209020100,0.553,0.635,0.533,0.635,0.616,0.635,0.514,0.496,0.637,0.441,0.508,0.581,0.236,0.628,0.633,0.631
202209020130,0.553,0.635,0.533,0.635,0.616,0.635,0.514,0.496,0.637,0.441,0.508,0.581,0.236,0.628,0.633,0.631
202209020200,0.553,0.635,0.533,0.635,0.616,0.635,0.514,0.496,0.637,0.441,0.508,0.581,0.236,0.628,0.633,0.631
202209020230,0.553,0.635,0.533,0.635,0.616,0.635,0.514,0.496,0.637,0.441,0.508,0.581,0.236,0.628,0.633,0.631
202209020300,0.553,0.635,0.533,0.635,0.616,0.635,0.514,0.496,0.637,0.441,0.508,0.581,0.236,0.628,0.633,0.631
202209020330,0.553,0.635,0.533,0.635,0.616,0.635,0.514,0.496,0.637,0.441,0.508,0.581,0.236,0.628,0.633,0.631
202209020400,0.553,0.635,0.533,0.635,0.616,0.635,0.514,0.496,0.637,0.441,0.508,0.581,0.236,0.628,0.633,0.631
202209020430,0.553,0.635,0.533,0.635,0.616,0.635,0.514,0.496,0.637,0.441,0.508,0.581,0.236,0.628,0.633,0.631
202209020500,0.553,0.635,0.533,0.635,0.616,0.635,0.514,0.496,0.637,0.441,0.508,0.581,0.236,0.628,0.633,0.631
202209020530,0.553,0.635,0.533,0.635,0.616,0.635,0.514,0.496,0.637,0.441,0.508,0.581,0.236,0.628,0.633,0.631
202209020600,0.553,0.635,0.533,0.635,0.616,0.635,0.514,0.496,0.637,0.441,0.508,0.581,0.236,0.628,0.633,0.631
202209020630,0.553,0.635,0.533,0.635,0.616,0.635,0.514,0.496,0.637,0.441,0.508,0.581,0.236,0.628,0.633,0.631
202209020700,0.553,0.635,0.533,0.635,0.616,0.635,0.514,0.496,0.637,0.441,0.508,0.581,0.236,0.628,0.633,0.631
202209020730,0.553,0.635,0.533,0.635,0.616,0.635,0.514,0.496,0.637,0.441,0.508,0.581,0.236,0.628,0.633,0.631
202209020800,0.553,0.635,0.533,0.635,0.616,0.635,0.514,0.496,0.637,0.441,0.508,0.581,0.236,0.628,0.633,0.631
202209020830,0.553,0.635,0.533,0.635,0.616,0.635,0.514,0.496,0.637,0.441,0.508,0.581,0.236,0.628,0.633,0.631
202209020900,0.553,0.635,0.533,0.635,0.616,0.635,0.514,0.496,0.637,0.441,0.508,0.581,0.236,0.628,0.633,0.631
202209020930,0.553,0.635,0.533,0.635,0.616,0.635,0.514,0.496,0.637,0.441,0.508,0.581,0.236,0.628,0.633,0.631
202209021000,0.553,0.635,0.533,0.635,0.616,0.635,0.514,0.496,0.637,0.441,0.508,0.581,0.236,0.628,0.633,0.631
202209021030,0.553,0.635,0.533,0.635,0.616,0.635,0.514,0.496,0.637,0.441,0.508,0.581,0.236,0.628,0.633,0.631
202209021100,0.553,0.635,0.533,0.635,0.616,0.635,0.514,0.496,0.637,0.441,0.508,0.581,0.236,0.628,0.633,0.631
202209021130,0.553,0.635,0.533,0.635,0.616,0.635,0.514,0.496,0.637,0.441,0.508,0.581,0.236,0.628,0.633,0.631
202209021200,0.553,0.635,0.533,0.635,0.616,0.635,0.514,0.496,0.637,0.441,0.508,0.581,0.236,0.628,0.633,0.631
202209021230,0.553,0.635,0.533,0.635,0.616,0.635,0.514,0.496,0.637,0.441,0.508,0.581,0.236,0.628,0.633,0.631
202209021300,0.553,0.635,0.533,0.635,0.616,0.635,0.514,0.496,0.637,0.441,0.508,0.581,0.236,0.628,0.633,0.631
202209021330,0.553,0.635,0.533,0.635,0.616,0.635,0.514,0.496,0.637,0.441,0.508,0.581,0.236,0.628,0.633,0.631
202209021400,0.553,0.635,0.533,0.635,0.616,0.635,0.514,0.496,0.637,0.441,0.508,0.581,0.236,0.628,0.633,0.631
202209021430,0.553,0.635,0.533,0.635,0.616,0.635,0.514,0.496,0.637,0.441,0.508,0.581,0.236,0.628,0.633,0.631
202209021500,0.553,0.635,0.533,0.635,0.616,0.635,0.514,0.496,0.637,0.441,0.508,0.581,0.236,0.628,0.633,0.631
202209021530,0.553,0.635,0.533,0.635,0.616,0.635,0.514,0.496,0.637,0.441,0.508,0.581,0.236,0.628,0.633,0.631
202209021600,0.553,0.635,0.533,0.635,0.616,0.635,0.514,0.496,0.637,0.441,0.508,0.581,0.236,0.628,0.633,0.631
202209021630,0.553,0.635,0.533,0.635,0.616,0.635,0.514,0.496,0.637,0.441,0.508,0.581,0.236,0.628,0.633,0.631
202209021700,0.553,0.635,0.533,0.635,0.616,0.635,0.514,0.496,0.637,0.441,0.508,0.581,0.236,0.628,0.633,0.631
202209021730,0.553,0.635,0.533,0.635,0.616,0.635,0.514,0.496,0.637,0.441,0.508,0.581,0.236,0.628,0.633,0.631
202209021800,0.553,0.635,0.533,0.635,0.616,0.635,0.514,0.496,0.637,0.441,0.508,0.581,0.236,0.628,0.633,0.631
202209021830,0.553,0.635,0.533,0.635,0.616,0.635,0.514,0.496,0.637,0.441,0.508,0.581,0.236,0.628,0.633,0.631
202209021900,0.553,0.635,0.533,0.635,0.616,0.635,0.514,0.496,0.637,0.441,0.508,0.581,0.236,0.628,0.633,0.631
202209021930,0.553,0.635,0.533,0.635,0.616,0.635,0.514,0.496,0.637,0.441,0.508,0.581,0.236,0.628,0.633,0.631
202209022000,0.553,0.635,0.533,0.635,0.616,0.635,0.514,0.496,0.637,0.441,0.508,0.581,0.236,0.628,0.633,0.631
202209022030,0.553,0.635,0.533,0.635,0.616,0.635,0.514,0.496,0.637,0.441,0.508,0.581,0.236,0.628,0.633,0.631
202209022100,0.553,0.635,0.533,0.635,0.616,0.635,0.514,0.496,0.637,0.441,0.508,0.581,0.236,0.628,0.633,0.631
202209022130,0.553,0.635,0.533,0.635,0.616,0.635,0.514,0.496,0.637,0.441,0.508,0.581,0.236,0.628,0.633,0.631
202209022200,0.553,0.635,0.533,0.635,0.616,0.635,0.514,0.496,0.637,0.441,0.508,0.581,0.236,0.628,0.633,0.631
202209022230,0.553,0.635,0.533,0.635,0.616,0.635,0.514,0.496,0.637,0.441,0.508,0.581,0.236,0.628,0.633,0.631
202209022300,0.553,0.635,0.533,0.635,0.616,0.635,0.514,0.496,0.637,0.441,0.508,0.581,0.236,0.628,0.633,0.631
202209022330,0.553,0.635,0.533,0.635,0.616,0.635,0.514,0.496,0.637,0.441,0.508,0.581,0.236,0.628,0.633,0.631
202209030000,0.553,0.635,0.533,0.635,0.616,0.635,0.514,0.496,0.637,0.441,0.508,0.581,0.236,0.628,0.633,0.631
202209030030,0.128,0.294,0.122,0.245,0.193,0.374,0.115,0.109,0.34,0.084,0.113,0.138,0.184,0.23,0.429,0.242
202209030100,0.128,0.294,0.122,0.245,0.193,0.374,0.115,0.109,0.34,0.084,0.113,0.138,0.184,0.23,0.429,0.242
202209030130,0.128,0.294,0.122,0.245,0.193,0.374,0.115,0.109,0.34,0.084,0.113,0.138,0.184,0.23,0.429,0.242
202209030200,0.128,0.294,0.122,0.245,0.193,0.374,0.115,0.109,0.34,0.084,0.113,0.138,0.184,0.23,0.429,0.242
202209030230,0.128,0.294,0.122,0.245,0.193,0.374,0.115,0.109,0.34,0.084,0.113,0.138,0.184,0.23,0.429,0.242
202209030300,0.128,0.294,0.122,0.245,0.193,0.374,0.115,0.109,0.34,0.084,0.113,0.138,0.184,0.23,0.429,0.242
202209030330,0.128,0.294,0.122,0.245,0.193,0.374,0.115,0.109,0.34,0.084,0.113,0.138,0.184,0.23,0.429,0.242
202209030400,0.128,0.294,0.122,0.245,0.193,0.374,0.115,0.109,0.34,0.084,0.113,0.138,0.184,0.23,0.429,0.242
202209030430,0.128,0.294,0.122,0.245,0.193,0.374,0.115,0.109,0.34,0.084,0.113,0.138,0.184,0.23,0.429,0.242
202209030500,0.128,0.294,0.122,0.245,0.193,0.374,0.115,0.109,0.34,0.084,0.113,0.138,0.184,0.23,0.429,0.242
202209030530,0.128,0.294,0.122,0.245,0.193,0.374,0.115,0.109,0.34,0.084,0.113,0.138,0.184,0.23,0.429,0.242
202209030600,0.128,0.294,0.122,0.245,0.193,0.374,0.115,0.109,0.34,0.084,0.113,0.138,0.184,0.23,0.429,0.242
202209030630,0.128,0.294,0.122,0.245,0.193,0.374,0.115,0.109,0.34,0.084,0.113,0.138,0.184,0.23,0.429,0.242
202209030700,0.128,0.294,0.122,0.245,0.193,0.374,0.115,0.109,0.34,0.084,0.113,0.138,0.184,0.23,0.429,0.242
202209030730,0.128,0.294,0.122,0.245,0.193,0.374,0.115,0.109,0.34,0.084,0.113,0.138,0.184,0.23,0.429,0.242
202209030800,0.128,0.294,0.122,0.245,0.193,0.374,0.115,0.109,0.34,0.084,0.113,0.138,0.184,0.23,0.429,0.242
202209030830,0.128,0.294,0.122,0.245,0.193,0.374,0.115,0.109,0.34,0.084,0.113,0.138,0.184,0.23,0.429,0.242
202209030900,0.128,0.294,0.122,0.245,0.193,0.374,0.115,0.109,0.34,0.084,0.113,0.138,0.184,0.23,0.429,0.242
202209030930,0.128,0.294,0.122,0.245,0.193,0.374,0.115,0.109,0.34,0.084,0.113,0.138,0.184,0.23,0.429,0.242
202209031000,0.128,0.294,0.122,0.245,0.193,0.374,0.115,0.109,0.34,0.084,0.113,0.138,0.184,0.23,0.429,0.242
202209031030,0.128,0.294,0.122,0.245,0.193,0.374,0.115,0.109,0.34,0.084,0.113,0.138,0.184,0.23,0.429,0.242
202209031100,0.128,0.294,0.122,0.245,0.193,0.374,0.115,0.109,0.34,0.084,0.113,0.138,0.184,0.23,0.429,0.242
202209031130,0.128,0.294,0.122,0.245,0.193,0.374,0.115,0.109,0.34,0.084,0.113,0.138,0.184,0.23,0.429,0.242
202209031200,0.128,0.294,0.122,0.245,0.193,0.374,0.115,0.109,0.34,0.084,0.113,0.138,0.184,0.23,0.429,0.242
202209031230,0.128,0.294,0.122,0.245,0.193,0.374,0.115,0.109,0.34,0.084,0.113,0.138,0.184,0.23,0.429,0.242
202209031300,0.128,0.294,0.122,0.245,0.193,0.374,0.115,0.109,0.34,0.084,0.113,0.138,0.184,0.23,0.429,0.242
202209031330,0.128,0.294,0.122,0.245,0.193,0.374,0.115,0.109,0.34,0.084,0.113,0.138,0.184,0.23,0.429,0.242
202209031400,0.128,0.294,0.122,0.245,0.193,0.374,0.115,0.109,0.34,0.084,0.113,0.138,0.184,0.23,0.429,0.242
202209031430,0.128,0.294,0.122,0.245,0.193,0.374,0.115,0.109,0.34,0.084,0.113,0.138,0.184,0.23,0.429,0.242
202209031500,0.128,0.294,0.122,0.245,0.193,0.374,0.115,0.109,0.34,0.084,0.113,0.138,0.184,0.23,0.429,0.242
202209031530,0.128,0.294,0.122,0.245,0.193,0.374,0.115,0.109,0.34,0.084,0.113,0.138,0.184,0.23,0.429,0.242
202209031600,0.128,0.294,0.122,0.245,0.193,0.374,0.115,0.109,0.34,0.084,0.113,0.138,0.184,0.23,0.429,0.242
202209031630,0.128,0.294,0.122,0.245,0.193,0.374,0.115,0.109,0.34,0.084,0.113,0.138,0.184,0.23,0.429,0.242
202209031700,0.128,0.294,0.122,0.245,0.193,0.374,0.115,0.109,0.34,0.084,0.113,0.138,0.184,0.23,0.429,0.242
202209031730,0.128,0.294,0.122,0.245,0.193,0.374,0.115,0.109,0.34,0.084,0.113,0.138,0.184,0.23,0.429,0.242
202209031800,0.128,0.294,0.122,0.245,0.193,0.374,0.115,0.109,0.34,0.084,0.113,0.138,0.184,0.23,0.429,0.242
202209031830,0.128,0.294,0.122,0.245,0.193,0.374,0.115,0.109,0.34,0.084,0.113,0.138,0.184,0.23,0.429,0.242
202209031900,0.128,0.294,0.122,0.245,0.193,0.374,0.115,0.109,0.34,0.084,0.113,0.138,0.184,0.23,0.429,0.242
202209031930,0.128,0.294,0.122,0.245,0.193,0.374,0.115,0.109,0.34,0.084,0.113,0.138,0.184,0.23,0.429,0.242
202209032000,0.128,0.294,0.122,0.245,0.193,0.374,0.115,0.109,0.34,0.084,0.113,0.138,0.184,0.23,0.429,0.242
202209032030,0.128,0.294,0.122,0.245,0.193,0.374,0.115,0.109,0.34,0.084,0.113,0.138,0.184,0.23,0.429,0.242
202209032100,0.128,0.294,0.122,0.245,0.193,0.374,0.115,0.109,0.34,0.084,0.113,0.138,0.184,0.23,0.429,0.242
202209032130,0.128,0.294,0.122,0.245,0.193,0.374,0.115,0.109,0.34,0.084,0.113,0.138,0.184,0.23,0.429,0.242
202209032200,0.128,0.294,0.122,0.245,0.193,0.374,0.115,0.109,0.34,0.084,0.113,0.138,0.184,0.23,0.429,0.242
202209032230,0.128,0.294,0.122,0.245,0.193,0.374,0.115,0.109,0.34,0.084,0.113,0.138,0.184,0.23,0.429,0.242
202209032300,0.128,0.294,0.122,0.245,0.193,0.374,0.115,0.109,0.34,0.084,0.113,0.138,0.184,0.23,0.429,0.242
202209032330,0.128,0.294,0.122,0.245,0.193,0.374,0.115,0.109,0.34,0.084,0.113,0.138,0.184,0.23,0.429,0.242
202209040000,0.128,0.294,0.122,0.245,0.193,0.374,0.115,0.109,0.34,0.084,0.113,0.138,0.184,0.23,0.429,0.242
202209040030,0.168,0.3,0.174,0.248,0.2,0.362,0.18,0.186,0.337,0.206,0.182,0.161,0.158,0.236,0.4,0.247
202209040100,0.168,0.3,0.174,0.248,0.2,0.362,0.18,0.186,0.337,0.206,0.182,0.161,0.158,0.236,0.4,0.247
202209040130,0.168,0.3,0.174,0.248,0.2,0.362,0.18,0.186,0.337,0.206,0.182,0.161,0.158,0.236,0.4,0.247
202209040200,0.168,0.3,0.174,0.248,0.2,0.362,0.18,0.186,0.337,0.206,0.182,0.161,0.158,0.236,0.4,0.247
202209040230,0.168,0.3,0.174,0.248,0.2,0.362,0.18,0.186,0.337,0.206,0.182,0.161,0.158,0.236,0.4,0.247
202209040300,0.168,0.3,0.174,0.248,0.2,0.362,0.18,0.186,0.337,0.206,0.182,0.161,0.158,0.236,0.4,0.247
202209040330,0.168,0.3,0.174,0.248,0.2,0.362,0.18,0.186,0.337,0.206,0.182,0.161,0.158,0.236,0.4,0.247
202209040400,0.168,0.3,0.174,0.248,0.2,0.362,0.18,0.186,0.337,0.206,0.182,0.161,0.158,0.236,0.4,0.247
202209040430,0.168,0.3,0.174,0.248,0.2,0.362,0.18,0.186,0.337,0.206,0.182,0.161,0.158,0.236,0.4,0.247
202209040500,0.168,0.3,0.174,0.248,0.2,0.362,0.18,0.186,0.337,0.206,0.182,0.161,0.158,0.236,0.4,0.247
202209040530,0.168,0.3,0.174,0.248,0.2,0.362,0.18,0.186,0.337,0.206,0.182,0.161,0.158,0.236,0.4,0.247
202209040600,0.168,0.3,0.174,0.248,0.2,0.362,0.18,0.186,0.337,0.206,0.182,0.161,0.158,0.236,0.4,0.247
202209040630,0.168,0.3,0.174,0.248,0.2,0.362,0.18,0.186,0.337,0.206,0.182,0.161,0.158,0.236,0.4,0.247
202209040700,0.168,0.3,0.174,0.248,0.2,0.362,0.18,0.186,0.337,0.206,0.182,0.161,0.158,0.236,0.4,0.247
202209040730,0.168,0.3,0.174,0.248,0.2,0.362,0.18,0.186,0.337,0.206,0.182,0.161,0.158,0.236,0.4,0.247
202209040800,0.168,0.3,0.174,0.248,0.2,0.362,0.18,0.186,0.337,0.206,0.182,0.161,0.158,0.236,0.4,0.247
202209040830,0.168,0.3,0.174,0.248,0.2,0.362,0.18,0.186,0.337,0.206,0.182,0.161,0.158,0.236,0.4,0.247
202209040900,0.168,0.3,0.174,0.248,0.2,0.362,0.18,0.186,0.337,0.206,0.182,0.161,0.158,0.236,0.4,0.247
202209040930,0.168,0.3,0.174,0.248,0.2,0.362,0.18,0.186,0.337,0.206,0.182,0.161,0.158,0.236,0.4,0.247
202209041000,0.168,0.3,0.174,0.248,0.2,0.362,0.18,0.186,0.337,0.206,0.182,0.161,0.158,0.236,0.4,0.247
202209041030,0.168,0.3,0.174,0.248,0.2,0.362,0.18,0.186,0.337,0.206,0.182,0.161,0.158,0.236,0.4,0.247
202209041100,0.168,0.3,0.174,0.248,0.2,0.362,0.18,0.186,0.337,0.206,0.182,0.161,0.158,0.236,0.4,0.247
202209041130,0.168,0.3,0.174,0.248,0.2,0.362,0.18,0.186,0.337,0.206,0.182,0.161,0.158,0.236,0.4,0.247
202209041200,0.168,0.3,0.174,0.248,0.2,0.362,0.18,0.186,0.337,0.206,0.182,0.161,0.158,0.236,0.4,0.247
202209041230,0.168,0.3,0.174,0.248,0.2,0.362,0.18,0.186,0.337,0.206,0.182,0.161,0.158,0.236,0.4,0.247
202209041300,0.168,0.3,0.174,0.248,0.2,0.362,0.18,0.186,0.337,0.206,0.182,0.161,0.158,0.236,0.4,0.247
202209041330,0.168,0.3,0.174,0.248,0.2,0.362,0.18,0.186,0.337,0.206,0.182,0.161,0.158,0.236,0.4,0.247
202209041400,0.168,0.3,0.174,0.248,0.2,0.362,0.18,0.186,0.337,0.206,0.182,0.161,0.158,0.236,0.4,0.247
202209041430,0.168,0.3,0.174,0.248,0.2,0.362,0.18,0.186,0.337,0.206,0.182,0.161,0.158,0.236,0.4,0.247
202209041500,0.168,0.3,0.174,0.248,0.2,0.362,0.18,0.186,0.337,0.206,0.182,0.161,0.158,0.236,0.4,0.247
202209041530,0.168,0.3,0.174,0.248,0.2,0.362,0.18,0.186,0.337,0.206,0.182,0.161,0.158,0.236,0.4,0.247
202209041600,0.168,0.3,0.174,0.248,0.2,0.362,0.18,0.186,0.337,0.206,0.182,0.161,0.158,0.236,0.4,0.247
202209041630,0.168,0.3,0.174,0.248,0.2,0.362,0.18,0.186,0.337,0.206,0.182,0.161,0.158,0.236,0.4,0.247
202209041700,0.168,0.3,0.174,0.248,0.2,0.362,0.18,0.186,0.337,0.206,0.182,0.161,0.158,0.236,0.4,0.247
202209041730,0.168,0.3,0.174,0.248,0.2,0.362,0.18,0.186,0.337,0.206,0.182,0.161,0.158,0.236,0.4,0.247
202209041800,0.168,0.3,0.174,0.248,0.2,0.362,0.18,0.186,0.337,0.206,0.182,0.161,0.158,0.236,0.4,0.247
202209041830,0.168,0.3,0.174,0.248,0.2,0.362,0.18,0.186,0.337,0.206,0.182,0.161,0.158,0.236,0.4,0.247
202209041900,0.168,0.3,0.174,0.248,0.2,0.362,0.18,0.186,0.337,0.206,0.182,0.161,0.158,0.236,0.4,0.247
202209041930,0.168,0.3,0.174,0.248,0.2,0.362,0.18,0.186,0.337,0.206,0.182,0.161,0.158,0.236,0.4,0.247
202209042000,0.168,0.3,0.174,0.248,0.2,0.362,0.18,0.186,0.337,0.206,0.182,0.161,0.158,0.236,0.4,0.247
202209042030,0.168,0.3,0.174,0.248,0.2,0.362,0.18,0.186,0.337,0.206,0.182,0.161,0.158,0.236,0.4,0.247
202209042100,0.168,0.3,0.174,0.248,0.2,0.362,0.18,0.186,0.337,0.206,0.182,0.161,0.158,0.236,0.4,0.247
202209042130,0.168,0.3,0.174,0.248,0.2,0.362,0.18,0.186,0.337,0.206,0.182,0.161,0.158,0.236,0.4,0.247
202209042200,0.168,0.3,0.174,0.248,0.2,0.362,0.18,0.186,0.337,0.206,0.182,0.161,0.158,0.236,0.4,0.247
202209042230,0.168,0.3,0.174,0.248,0.2,0.362,0.18,0.186,0.337,0.206,0.182,0.161,0.158,0.236,0.4,0.247
202209042300,0.168,0.3,0.174,0.248,0.2,0.362,0.18,0.186,0.337,0.206,0.182,0.161,0.158,0.236,0.4,0.247
202209042330,0.168,0.3,0.174,0.248,0.2,0.362,0.18,0.186,0.337,0.206,0.182,0.161,0.158,0.236,0.4,0.247
202209050000,0.168,0.3,0.174,0.248,0.2,0.362,0.18,0.186,0.337,0.206,0.182,0.161,0.158,0.236,0.4,0.247
202209050030,0.41,0.478,0.405,0.473,0.453,0.481,0.404,0.405,0.482,0.416,0.406,0.415,0.18,0.469,0.467,0.473
202209050100,0.41,0.478,0.405,0.473,0.453,0.481,0.404,0.405,0.482,0.416,0.406,0.415,0.18,0.469,0.467,0.473
202209050130,0.41,0.478,0.405,0.473,0.453,0.481,0.404,0.405,0.482,0.416,0.406,0.415,0.18,0.469,0.467,0.473
202209050200,0.41,0.478,0.405,0.473,0.453,0.481,0.404,0.405,0.482,0.416,0.406,0.415,0.18,0.469,0.467,0.473
202209050230,0.41,0.478,0.405,0.473,0.453,0.481,0.404,0.405,0.482,0.416,0.406,0.415,0.18,0.469,0.467,0.473
202209050300,0.41,0.478,0.405,0.473,0.453,0.481,0.404,0.405,0.482,0.416,0.406,0.415,0.18,0.469,0.467,0.473
202209050330,0.41,0.478,0.405,0.473,0.453,0.481,0.404,0.405,0.482,0.416,0.406,0.415,0.18,0.469,0.467,0.473
202209050400,0.41,0.478,0.405,0.473,0.453,0.481,0.404,0.405,0.482,0.416,0.406,0.415,0.18,0.469,0.467,0.473
202209050430,0.41,0.478,0.405,0.473,0.453,0.481,0.404,0.405,0.482,0.416,0.406,0.415,0.18,0.469,0.467,0.473
202209050500,0.41,0.478,0.405,0.473,0.453,0.481,0.404,0.405,0.482,0.416,0.406,0.415,0.18,0.469,0.467,0.473
202209050530,0.41,0.478,0.405,0.473,0.453,0.481,0.404,0.405,0.482,0.416,0.406,0.415,0.18,0.469,0.467,0.473
202209050600,0.41,0.478,0.405,0.473,0.453,0.481,0.404,0.405,0.482,0.416,0.406,0.415,0.18,0.469,0.467,0.473
202209050630,0.41,0.478,0.405,0.473,0.453,0.481,0.404,0.405,0.482,0.416,0.406,0.415,0.18,0.469,0.467,0.473
202209050700,0.41,0.478,0.405,0.473,0.453,0.481,0.404,0.405,0.482,0.416,0.406,0.415,0.18,0.469,0.467,0.473
202209050730,0.41,0.478,0.405,0.473,0.453,0.481,0.404,0.405,0.482,0.416,0.406,0.415,0.18,0.469,0.467,0.473
202209050800,0.41,0.478,0.405,0.473,0.453,0.481,0.404,0.405,0.482,0.416,0.406,0.415,0.18,0.469,0.467,0.473
202209050830,0.41,0.478,0.405,0.473,0.453,0.481,0.404,0.405,0.482,0.416,0.406,0.415,0.18,0.469,0.467,0.473
202209050900,0.41,0.478,0.405,0.473,0.453,0.481,0.404,0.405,0.482,0.416,0.406,0.415,0.18,0.469,0.467,0.473
202209050930,0.41,0.478,0.405,0.473,0.453,0.481,0.404,0.405,0.482,0.416,0.406,0.415,0.18,0.469,0.467,0.473
202209051000,0.41,0.478,0.405,0.473,0.453,0.481,0.404,0.405,0.482,0.416,0.406,0.415,0.18,0.469,0.467,0.473
202209051030,0.41,0.478,0.405,0.473,0.453,0.481,0.404,0.405,0.482,0.416,0.406,0.415,0.18,0.469,0.467,0.473
202209051100,0.41,0.478,0.405,0.473,0.453,0.481,0.404,0.405,0.482,0.416,0.406,0.415,0.18,0.469,0.467,0.473
202209051130,0.41,0.478,0.405,0.473,0.453,0.481,0.404,0.405,0.482,0.416,0.406,0.415,0.18,0.469,0.467,0.473
202209051200,0.41,0.478,0.405,0.473,0.453,0.481,0.404,0.405,0.482,0.416,0.406,0.415,0.18,0.469,0.467,0.473
202209051230,0.41,0.478,0.405,0.473,0.453,0.481,0.404,0.405,0.482,0.416,0.406,0.415,0.18,0.469,0.467,0.473
202209051300,0.41,0.478,0.405,0.473,0.453,0.481,0.404,0.405,0.482,0.416,0.406,0.415,0.18,0.469,0.467,0.473
202209051330,0.41,0.478,0.405,0.473,0.453,0.481,0.404,0.405,0.482,0.416,0.406,0.415,0.18,0.469,0.467,0.473
202209051400,0.41,0.478,0.405,0.473,0.453,0.481,0.404,0.405,0.482,0.416,0.406,0.415,0.18,0.469,0.467,0.473
202209051430,0.41,0.478,0.405,0.473,0.453,0.481,0.404,0.405,0.482,0.416,0.406,0.415,0.18,0.469,0.467,0.473
202209051500,0.41,0.478,0.405,0.473,0.453,0.481,0.404,0.405,0.482,0.416,0.406,0.415,0.18,0.469,0.467,0.473
202209051530,0.41,0.478,0.405,0.473,0.453,0.481,0.404,0.405,0.482,0.416,0.406,0.415,0.18,0.469,0.467,0.473
202209051600,0.41,0.478,0.405,0.473,0.453,0.481,0.404,0.405,0.482,0.416,0.406,0.415,0.18,0.469,0.467,0.473
202209051630,0.41,0.478,0.405,0.473,0.453,0.481,0.404,0.405,0.482,0.416,0.406,0.415,0.18,0.469,0.467,0.473
202209051700,0.41,0.478,0.405,0.473,0.453,0.481,0.404,0.405,0.482,0.416,0.406,0.415,0.18,0.469,0.467,0.473
202209051730,0.41,0.478,0.405,0.473,0.453,0.481,0.404,0.405,0.482,0.416,0.406,0.415,0.18,0.469,0.467,0.473
202209051800,0.41,0.478,0.405,0.473,0.453,0.481,0.404,0.405,0.482,0.416,0.406,0.415,0.18,0.469,0.467,0.473
202209051830,0.41,0.478,0.405,0.473,0.453,0.481,0.404,0.405,0.482,0.416,0.406,0.415,0.18,0.469,0.467,0.473
202209051900,0.41,0.478,0.405,0.473,0.453,0.481,0.404,0.405,0.482,0.416,0.406,0.415,0.18,0.469,0.467,0.473
202209051930,0.41,0.478,0.405,0.473,0.453,0.481,0.404,0.405,0.482,0.416,0.406,0.415,0.18,0.469,0.467,0.473
202209052000,0.41,0.478,0.405,0.473,0.453,0.481,0.404,0.405,0.482,0.416,0.406,0.415,0.18,0.469,0.467,0.473
202209052030,0.41,0.478,0.405,0.473,0.453,0.481,0.404,0.405,0.482,0.416,0.406,0.415,0.18,0.469,0.467,0.473
202209052100,0.41,0.478,0.405,0.473,0.453,0.481,0.404,0.405,0.482,0.416,0.406,0.415,0.18,0.469,0.467,0.473
202209052130,0.41,0.478,0.405,0.473,0.453,0.481,0.404,0.405,0.482,0.416,0.406,0.415,0.18,0.469,0.467,0.473
202209052200,0.41,0.478,0.405,0.473,0.453,0.481,0.404,0.405,0.482,0.416,0.406,0.415,0.18,0.469,0.467,0.473
202209052230,0.41,0.478,0.405,0.473,0.453,0.481,0.404,0.405,0.482,0.416,0.406,0.415,0.18,0.469,0.467,0.473
202209052300,0.41,0.478,0.405,0.473,0.453,0.481,0.404,0.405,0.482,0.416,0.406,0.415,0.18,0.469,0.467,0.473
202209052330,0.41,0.478,0.405,0.473,0.453,0.481,0.404,0.405,0.482,0.416,0.406,0.415,0.18,0.469,0.467,0.473
202209060000,0.41,0.478,0.405,0.473,0.453,0.481,0.404,0.405,0.482,0.416,0.406,0.415,0.18,0.469,0.467,0.473
202209060030,0.231,0.558,0.21,0.496,0.401,0.592,0.19,0.173,0.58,0.115,0.186,0.266,0.188,0.473,0.598,0.492
202209060100,0.231,0.558,0.21,0.496,0.401,0.592,0.19,0.173,0.58,0.115,0.186,0.266,0.188,0.473,0.598,0.492
202209060130,0.231,0.558,0.21,0.496,0.401,0.592,0.19,0.173,0.58,0.115,0.186,0.266,0.188,0.473,0.598,0.492
202209060200,0.231,0.558,0.21,0.496,0.401,0.592,0.19,0.173,0.58,0.115,0.186,0.266,0.188,0.473,0.598,0.492
202209060230,0.231,0.558,0.21,0.496,0.401,0.592,0.19,0.173,0.58,0.115,0.186,0.266,0.188,0.473,0.598,0.492
202209060300,0.231,0.558,0.21,0.496,0.401,0.592,0.19,0.173,0.58,0.115,0.186,0.266,0.188,0.473,0.598,0.492
202209060330,0.231,0.558,0.21,0.496,0.401,0.592,0.19,0.173,0.58,0.115,0.186,0.266,0.188,0.473,0.598,0.492
202209060400,0.231,0.558,0.21,0.496,0.401,0.592,0.19,0.173,0.58,0.115,0.186,0.266,0.188,0.473,0.598,0.492
202209060430,0.231,0.558,0.21,0.496,0.401,0.592,0.19,0.173,0.58,0.115,0.186,0.266,0.188,0.473,0.598,0.492
202209060500,0.231,0.558,0.21,0.496,0.401,0.592,0.19,0.173,0.58,0.115,0.186,0.266,0.188,0.473,0.598,0.492
202209060530,0.231,0.558,0.21,0.496,0.401,0.592,0.19,0.173,0.58,0.115,0.186,0.266,0.188,0.473,0.598,0.492
202209060600,0.231,0.558,0.21,0.496,0.401,0.592,0.19,0.173,0.58,0.115,0.186,0.266,0.188,0.473,0.598,0.492
202209060630,0.231,0.558,0.21,0.496,0.401,0.592,0.19,0.173,0.58,0.115,0.186,0.266,0.188,0.473,0.598,0.492
202209060700,0.231,0.558,0.21,0.496,0.401,0.592,0.19,0.173,0.58,0.115,0.186,0.266,0.188,0.473,0.598,0.492
202209060730,0.231,0.558,0.21,0.496,0.401,0.592,0.19,0.173,0.58,0.115,0.186,0.266,0.188,0.473,0.598,0.492
202209060800,0.231,0.558,0.21,0.496,0.401,0.592,0.19,0.173,0.58,0.115,0.186,0.266,0.188,0.473,0.598,0.492
202209060830,0.231,0.558,0.21,0.496,0.401,0.592,0.19,0.173,0.58,0.115,0.186,0.266,0.188,0.473,0.598,0.492
202209060900,0.231,0.558,0.21,0.496,0.401,0.592,0.19,0.173,0.58,0.115,0.186,0.266,0.188,0.473,0.598,0.492
202209060930,0.231,0.558,0.21,0.496,0.401,0.592,0.19,0.173,0.58,0.115,0.186,0.266,0.188,0.473,0.598,0.492
202209061000,0.231,0.558,0.21,0.496,0.401,0.592,0.19,0.173,0.58,0.115,0.186,0.266,0.188,0.473,0.598,0.492
202209061030,0.231,0.558,0.21,0.496,0.401,0.592,0.19,0.173,0.58,0.115,0.186,0.266,0.188,0.473,0.598,0.492
202209061100,0.231,0.558,0.21,0.496,0.401,0.592,0.19,0.173,0.58,0.115,0.186,0.266,0.188,0.473,0.598,0.492
202209061130,0.231,0.558,0.21,0.496,0.401,0.592,0.19,0.173,0.58,0.115,0.186,0.266,0.188,0.473,0.598,0.492
202209061200,0.231,0.558,0.21,0.496,0.401,0.592,0.19,0.173,0.58,0.115,0.186,0.266,0.188,0.473,0.598,0.492
202209061230,0.231,0.558,0.21,0.496,0.401,0.592,0.19,0.173,0.58,0.115,0.186,0.266,0.188,0.473,0.598,0.492
202209061300,0.231,0.558,0.21,0.496,0.401,0.592,0.19,0.173,0.58,0.115,0.186,0.266,0.188,0.473,0.598,0.492
202209061330,0.231,0.558,0.21,0.496,0.401,0.592,0.19,0.173,0.58,0.115,0.186,0.266,0.188,0.473,0.598,0.492
202209061400,0.231,0.558,0.21,0.496,0.401,0.592,0.19,0.173,0.58,0.115,0.186,0.266,0.188,0.473,0.598,0.492
202209061430,0.231,0.558,0.21,0.496,0.401,0.592,0.19,0.173,0.58,0.115,0.186,0.266,0.188,0.473,0.598,0.492
202209061500,0.231,0.558,0.21,0.496,0.401,0.592,0.19,0.173,0.58,0.115,0.186,0.266,0.188,0.473,0.598,0.492
202209061530,0.231,0.558,0.21,0.496,0.401,0.592,0.19,0.173,0.58,0.115,0.186,0.266,0.188,0.473,0.598,0.492
202209061600,0.231,0.558,0.21,0.496,0.401,0.592,0.19,0.173,0.58,0.115,0.186,0.266,0.188,0.473,0.598,0.492
202209061630,0.231,0.558,0.21,0.496,0.401,0.592,0.19,0.173,0.58,0.115,0.186,0.266,0.188,0.473,0.598,0.492
202209061700,0.231,0.558,0.21,0.496,0.401,0.592,0.19,0.173,0.58,0.115,0.186,0.266,0.188,0.473,0.598,0.492
202209061730,0.231,0.558,0.21,0.496,0.401,0.592,0.19,0.173,0.58,0.115,0.186,0.266,0.188,0.473,0.598,0.492
202209061800,0.231,0.558,0.21,0.496,0.401,0.592,0.19,0.173,0.58,0.115,0.186,0.266,0.188,0.473,0.598,0.492
202209061830,0.231,0.558,0.21,0.496,0.401,0.592,0.19,0.173,0.58,0.115,0.186,0.266,0.188,0.473,0.598,0.492
202209061900,0.231,0.558,0.21,0.496,0.401,0.592,0.19,0.173,0.58,0.115,0.186,0.266,0.188,0.473,0.598,0.492
202209061930,0.231,0.558,0.21,0.496,0.401,0.592,0.19,0.173,0.58,0.115,0.186,0.266,0.188,0.473,0.598,0.492
202209062000,0.231,0.558,0.21,0.496,0.401,0.592,0.19,0.173,0.58,0.115,0.186,0.266,0.188,0.473,0.598,0.492
202209062030,0.231,0.558,0.21,0.496,0.401,0.592,0.19,0.173,0.58,0.115,0.186,0.266,0.188,0.473,0.598,0.492
202209062100,0.231,0.558,0.21,0.496,0.401,0.592,0.19,0.173,0.58,0.115,0.186,0.266,0.188,0.473,0.598,0.492
202209062130,0.231,0.558,0.21,0.496,0.401,0.592,0.19,0.173,0.58,0.115,0.186,0.266,0.188,0.473,0.598,0.492
202209062200,0.231,0.558,0.21,0.496,0.401,0.592,0.19,0.173,0.58,0.115,0.186,0.266,0.188,0.473,0.598,0.492
202209062230,0.231,0.558,0.21,0.496,0.401,0.592,0.19,0.173,0.58,0.115,0.186,0.266,0.188,0.473,0.598,0.492
202209062300,0.231,0.558,0.21,0.496,0.401,0.592,0.19,0.173,0.58,0.115,0.186,0.266,0.188,0.473,0.598,0.492
202209062330,0.231,0.558,0.21,0.496,0.401,0.592,0.19,0.173,0.58,0.115,0.186,0.266,0.188,0.473,0.598,0.492
202209070000,0.231,0.558,0.21,0.496,0.401,0.592,0.19,0.173,0.58,0.115,0.186,0.266,0.188,0.473,0.598,0.492
